EVAL  Pn
0001  1.000000E+00
0002  9.133713E-01
0003  8.626967E-01
0004  8.267426E-01
0005  7.988543E-01
0006  7.760680E-01
0007  7.568024E-01
0008  7.401138E-01
0009  7.253934E-01
0010  7.122256E-01
0011  7.003139E-01
0012  6.894393E-01
0013  6.794356E-01
0014  6.701737E-01
0015  6.615511E-01
0016  6.534851E-01
0017  6.459083E-01
0018  6.387647E-01
0019  6.320075E-01
0020  6.255969E-01
0021  6.194991E-01
0022  6.136851E-01
0023  6.081296E-01
0024  6.028105E-01
0025  5.977087E-01
0026  5.928069E-01
0027  5.880902E-01
0028  5.835450E-01
0029  5.791593E-01
0030  5.749223E-01
0031  5.708243E-01
0032  5.668564E-01
0033  5.630106E-01
0034  5.592796E-01
0035  5.556568E-01
0036  5.521360E-01
0037  5.487117E-01
0038  5.453787E-01
0039  5.421323E-01
0040  5.389682E-01
0041  5.358821E-01
0042  5.328704E-01
0043  5.299296E-01
0044  5.270564E-01
0045  5.242478E-01
0046  5.215009E-01
0047  5.188131E-01
0048  5.161818E-01
0049  5.136048E-01
0050  5.110799E-01
0051  5.086050E-01
0052  5.061782E-01
0053  5.037976E-01
0054  5.014614E-01
0055  4.991682E-01
0056  4.969163E-01
0057  4.947042E-01
0058  4.925306E-01
0059  4.903941E-01
0060  4.882936E-01
0061  4.862278E-01
0062  4.841956E-01
0063  4.821959E-01
0064  4.802277E-01
0065  4.782900E-01
0066  4.763818E-01
0067  4.745024E-01
0068  4.726509E-01
0069  4.708263E-01
0070  4.690280E-01
0071  4.672553E-01
0072  4.655073E-01
0073  4.637834E-01
0074  4.620830E-01
0075  4.604054E-01
0076  4.587500E-01
0077  4.571163E-01
0078  4.555036E-01
0079  4.539115E-01
0080  4.523394E-01
0081  4.507869E-01
0082  4.492534E-01
0083  4.477385E-01
0084  4.462417E-01
0085  4.447626E-01
0086  4.433009E-01
0087  4.418560E-01
0088  4.404277E-01
0089  4.390155E-01
0090  4.376190E-01
0091  4.362381E-01
0092  4.348721E-01
0093  4.335210E-01
0094  4.321843E-01
0095  4.308618E-01
0096  4.295531E-01
0097  4.282580E-01
0098  4.269761E-01
0099  4.257073E-01
0100  4.244512E-01
0101  4.232076E-01
0102  4.219763E-01
0103  4.207570E-01
0104  4.195495E-01
0105  4.183535E-01
0106  4.171688E-01
0107  4.159953E-01
0108  4.148327E-01
0109  4.136808E-01
0110  4.125395E-01
0111  4.114084E-01
0112  4.102875E-01
0113  4.091766E-01
0114  4.080755E-01
0115  4.069839E-01
0116  4.059019E-01
0117  4.048291E-01
0118  4.037654E-01
0119  4.027107E-01
0120  4.016649E-01
0121  4.006277E-01
0122  3.995991E-01
0123  3.985788E-01
0124  3.975668E-01
0125  3.965630E-01
0126  3.955671E-01
0127  3.945792E-01
0128  3.935989E-01
0129  3.926263E-01
0130  3.916612E-01
0131  3.907035E-01
0132  3.897531E-01
0133  3.888099E-01
0134  3.878737E-01
0135  3.869445E-01
0136  3.860221E-01
0137  3.851065E-01
0138  3.841976E-01
0139  3.832952E-01
0140  3.823993E-01
0141  3.815098E-01
0142  3.806265E-01
0143  3.797495E-01
0144  3.788785E-01
0145  3.780136E-01
0146  3.771547E-01
0147  3.763016E-01
0148  3.754543E-01
0149  3.746126E-01
0150  3.737767E-01
0151  3.729462E-01
0152  3.721213E-01
0153  3.713017E-01
0154  3.704876E-01
0155  3.696786E-01
0156  3.688749E-01
0157  3.680763E-01
0158  3.672828E-01
0159  3.664943E-01
0160  3.657107E-01
0161  3.649320E-01
0162  3.641582E-01
0163  3.633891E-01
0164  3.626247E-01
0165  3.618649E-01
0166  3.611097E-01
0167  3.603591E-01
0168  3.596130E-01
0169  3.588713E-01
0170  3.581339E-01
0171  3.574009E-01
0172  3.566722E-01
0173  3.559476E-01
0174  3.552273E-01
0175  3.545111E-01
0176  3.537990E-01
0177  3.530909E-01
0178  3.523867E-01
0179  3.516866E-01
0180  3.509903E-01
0181  3.502979E-01
0182  3.496093E-01
0183  3.489245E-01
0184  3.482434E-01
0185  3.475660E-01
0186  3.468923E-01
0187  3.462222E-01
0188  3.455556E-01
0189  3.448926E-01
0190  3.442331E-01
0191  3.435770E-01
0192  3.429244E-01
0193  3.422751E-01
0194  3.416292E-01
0195  3.409867E-01
0196  3.403474E-01
0197  3.397114E-01
0198  3.390786E-01
0199  3.384489E-01
0200  3.378225E-01
0201  3.371992E-01
0202  3.365789E-01
0203  3.359617E-01
0204  3.353476E-01
0205  3.347364E-01
0206  3.341283E-01
0207  3.335230E-01
0208  3.329207E-01
0209  3.323213E-01
0210  3.317247E-01
0211  3.311310E-01
0212  3.305401E-01
0213  3.299520E-01
0214  3.293666E-01
0215  3.287839E-01
0216  3.282040E-01
0217  3.276267E-01
0218  3.270521E-01
0219  3.264801E-01
0220  3.259107E-01
0221  3.253439E-01
0222  3.247797E-01
0223  3.242180E-01
0224  3.236588E-01
0225  3.231021E-01
0226  3.225479E-01
0227  3.219961E-01
0228  3.214467E-01
0229  3.208998E-01
0230  3.203552E-01
0231  3.198130E-01
0232  3.192731E-01
0233  3.187356E-01
0234  3.182003E-01
0235  3.176674E-01
0236  3.171367E-01
0237  3.166082E-01
0238  3.160820E-01
0239  3.155580E-01
0240  3.150362E-01
0241  3.145165E-01
0242  3.139990E-01
0243  3.134836E-01
0244  3.129703E-01
0245  3.124592E-01
0246  3.119501E-01
0247  3.114431E-01
0248  3.109381E-01
0249  3.104352E-01
0250  3.099343E-01
0251  3.094353E-01
0252  3.089384E-01
0253  3.084434E-01
0254  3.079504E-01
0255  3.074594E-01
0256  3.069702E-01
0257  3.064830E-01
0258  3.059976E-01
0259  3.055141E-01
0260  3.050325E-01
0261  3.045527E-01
0262  3.040748E-01
0263  3.035987E-01
0264  3.031244E-01
0265  3.026519E-01
0266  3.021812E-01
0267  3.017122E-01
0268  3.012450E-01
0269  3.007795E-01
0270  3.003158E-01
0271  2.998537E-01
0272  2.993934E-01
0273  2.989348E-01
0274  2.984778E-01
0275  2.980225E-01
0276  2.975689E-01
0277  2.971169E-01
0278  2.966665E-01
0279  2.962177E-01
0280  2.957706E-01
0281  2.953250E-01
0282  2.948810E-01
0283  2.944386E-01
0284  2.939978E-01
0285  2.935585E-01
0286  2.931208E-01
0287  2.926845E-01
0288  2.922498E-01
0289  2.918166E-01
0290  2.913849E-01
0291  2.909547E-01
0292  2.905259E-01
0293  2.900987E-01
0294  2.896728E-01
0295  2.892485E-01
0296  2.888255E-01
0297  2.884040E-01
0298  2.879839E-01
0299  2.875652E-01
0300  2.871479E-01
0301  2.867320E-01
0302  2.863175E-01
0303  2.859044E-01
0304  2.854926E-01
0305  2.850821E-01
0306  2.846730E-01
0307  2.842653E-01
0308  2.838588E-01
0309  2.834537E-01
0310  2.830499E-01
0311  2.826474E-01
0312  2.822462E-01
0313  2.818462E-01
0314  2.814476E-01
0315  2.810502E-01
0316  2.806541E-01
0317  2.802592E-01
0318  2.798656E-01
0319  2.794732E-01
0320  2.790820E-01
0321  2.786920E-01
0322  2.783033E-01
0323  2.779158E-01
0324  2.775294E-01
0325  2.771443E-01
0326  2.767603E-01
0327  2.763775E-01
0328  2.759959E-01
0329  2.756155E-01
0330  2.752362E-01
0331  2.748580E-01
0332  2.744810E-01
0333  2.741051E-01
0334  2.737304E-01
0335  2.733568E-01
0336  2.729842E-01
0337  2.726128E-01
0338  2.722425E-01
0339  2.718733E-01
0340  2.715052E-01
0341  2.711381E-01
0342  2.707722E-01
0343  2.704073E-01
0344  2.700434E-01
0345  2.696806E-01
0346  2.693189E-01
0347  2.689582E-01
0348  2.685986E-01
0349  2.682400E-01
0350  2.678824E-01
0351  2.675258E-01
0352  2.671702E-01
0353  2.668157E-01
0354  2.664621E-01
0355  2.661096E-01
0356  2.657580E-01
0357  2.654075E-01
0358  2.650579E-01
0359  2.647092E-01
0360  2.643616E-01
0361  2.640149E-01
0362  2.636692E-01
0363  2.633244E-01
0364  2.629806E-01
0365  2.626377E-01
0366  2.622958E-01
0367  2.619548E-01
0368  2.616147E-01
0369  2.612755E-01
0370  2.609373E-01
0371  2.606000E-01
0372  2.602636E-01
0373  2.599280E-01
0374  2.595934E-01
0375  2.592597E-01
0376  2.589269E-01
0377  2.585949E-01
0378  2.582639E-01
0379  2.579337E-01
0380  2.576043E-01
0381  2.572759E-01
0382  2.569483E-01
0383  2.566215E-01
0384  2.562956E-01
0385  2.559706E-01
0386  2.556464E-01
0387  2.553230E-01
0388  2.550005E-01
0389  2.546788E-01
0390  2.543580E-01
0391  2.540379E-01
0392  2.537187E-01
0393  2.534003E-01
0394  2.530826E-01
0395  2.527658E-01
0396  2.524498E-01
0397  2.521346E-01
0398  2.518202E-01
0399  2.515066E-01
0400  2.511938E-01
0401  2.508817E-01
0402  2.505704E-01
0403  2.502599E-01
0404  2.499502E-01
0405  2.496412E-01
0406  2.493330E-01
0407  2.490256E-01
0408  2.487189E-01
0409  2.484129E-01
0410  2.481077E-01
0411  2.478033E-01
0412  2.474995E-01
0413  2.471966E-01
0414  2.468943E-01
0415  2.465928E-01
0416  2.462920E-01
0417  2.459919E-01
0418  2.456926E-01
0419  2.453939E-01
0420  2.450960E-01
0421  2.447988E-01
0422  2.445023E-01
0423  2.442065E-01
0424  2.439114E-01
0425  2.436170E-01
0426  2.433232E-01
0427  2.430302E-01
0428  2.427379E-01
0429  2.424462E-01
0430  2.421552E-01
0431  2.418649E-01
0432  2.415753E-01
0433  2.412863E-01
0434  2.409980E-01
0435  2.407104E-01
0436  2.404234E-01
0437  2.401371E-01
0438  2.398514E-01
0439  2.395664E-01
0440  2.392820E-01
0441  2.389983E-01
0442  2.387152E-01
0443  2.384328E-01
0444  2.381510E-01
0445  2.378698E-01
0446  2.375893E-01
0447  2.373094E-01
0448  2.370301E-01
0449  2.367514E-01
0450  2.364734E-01
0451  2.361960E-01
0452  2.359191E-01
0453  2.356429E-01
0454  2.353674E-01
0455  2.350924E-01
0456  2.348180E-01
0457  2.345442E-01
0458  2.342710E-01
0459  2.339985E-01
0460  2.337265E-01
0461  2.334551E-01
0462  2.331843E-01
0463  2.329140E-01
0464  2.326444E-01
0465  2.323753E-01
0466  2.321069E-01
0467  2.318390E-01
0468  2.315716E-01
0469  2.313049E-01
0470  2.310387E-01
0471  2.307730E-01
0472  2.305080E-01
0473  2.302435E-01
0474  2.299795E-01
0475  2.297161E-01
0476  2.294533E-01
0477  2.291910E-01
0478  2.289293E-01
0479  2.286681E-01
0480  2.284074E-01
0481  2.281473E-01
0482  2.278878E-01
0483  2.276287E-01
0484  2.273703E-01
0485  2.271123E-01
0486  2.268549E-01
0487  2.265980E-01
0488  2.263416E-01
0489  2.260858E-01
0490  2.258305E-01
0491  2.255757E-01
0492  2.253214E-01
0493  2.250676E-01
0494  2.248144E-01
0495  2.245616E-01
0496  2.243094E-01
0497  2.240577E-01
0498  2.238065E-01
0499  2.235558E-01
0500  2.233055E-01
0501  2.230558E-01
0502  2.228066E-01
0503  2.225579E-01
0504  2.223097E-01
0505  2.220620E-01
0506  2.218147E-01
0507  2.215680E-01
0508  2.213217E-01
0509  2.210759E-01
0510  2.208306E-01
0511  2.205858E-01
0512  2.203415E-01
0513  2.200976E-01
0514  2.198542E-01
0515  2.196113E-01
0516  2.193689E-01
0517  2.191269E-01
0518  2.188854E-01
0519  2.186444E-01
0520  2.184038E-01
0521  2.181637E-01
0522  2.179240E-01
0523  2.176848E-01
0524  2.174461E-01
0525  2.172078E-01
0526  2.169700E-01
0527  2.167326E-01
0528  2.164957E-01
0529  2.162592E-01
0530  2.160232E-01
0531  2.157876E-01
0532  2.155524E-01
0533  2.153177E-01
0534  2.150835E-01
0535  2.148496E-01
0536  2.146163E-01
0537  2.143833E-01
0538  2.141508E-01
0539  2.139187E-01
0540  2.136870E-01
0541  2.134558E-01
0542  2.132250E-01
0543  2.129946E-01
0544  2.127647E-01
0545  2.125352E-01
0546  2.123060E-01
0547  2.120774E-01
0548  2.118491E-01
0549  2.116212E-01
0550  2.113938E-01
0551  2.111668E-01
0552  2.109401E-01
0553  2.107139E-01
0554  2.104881E-01
0555  2.102628E-01
0556  2.100378E-01
0557  2.098132E-01
0558  2.095890E-01
0559  2.093652E-01
0560  2.091419E-01
0561  2.089189E-01
0562  2.086963E-01
0563  2.084741E-01
0564  2.082523E-01
0565  2.080309E-01
0566  2.078099E-01
0567  2.075893E-01
0568  2.073691E-01
0569  2.071492E-01
0570  2.069298E-01
0571  2.067107E-01
0572  2.064920E-01
0573  2.062737E-01
0574  2.060558E-01
0575  2.058383E-01
0576  2.056211E-01
0577  2.054043E-01
0578  2.051879E-01
0579  2.049719E-01
0580  2.047562E-01
0581  2.045409E-01
0582  2.043260E-01
0583  2.041114E-01
0584  2.038972E-01
0585  2.036834E-01
0586  2.034699E-01
0587  2.032568E-01
0588  2.030441E-01
0589  2.028317E-01
0590  2.026197E-01
0591  2.024081E-01
0592  2.021968E-01
0593  2.019859E-01
0594  2.017753E-01
0595  2.015651E-01
0596  2.013552E-01
0597  2.011457E-01
0598  2.009365E-01
0599  2.007277E-01
0600  2.005192E-01
0601  2.003111E-01
0602  2.001033E-01
0603  1.998959E-01
0604  1.996888E-01
0605  1.994820E-01
0606  1.992756E-01
0607  1.990696E-01
0608  1.988638E-01
0609  1.986584E-01
0610  1.984534E-01
0611  1.982487E-01
0612  1.980443E-01
0613  1.978403E-01
0614  1.976365E-01
0615  1.974332E-01
0616  1.972301E-01
0617  1.970274E-01
0618  1.968250E-01
0619  1.966229E-01
0620  1.964212E-01
0621  1.962198E-01
0622  1.960187E-01
0623  1.958179E-01
0624  1.956174E-01
0625  1.954173E-01
0626  1.952175E-01
0627  1.950180E-01
0628  1.948189E-01
0629  1.946200E-01
0630  1.944215E-01
0631  1.942232E-01
0632  1.940253E-01
0633  1.938277E-01
0634  1.936305E-01
0635  1.934335E-01
0636  1.932368E-01
0637  1.930405E-01
0638  1.928444E-01
0639  1.926487E-01
0640  1.924533E-01
0641  1.922581E-01
0642  1.920633E-01
0643  1.918688E-01
0644  1.916746E-01
0645  1.914807E-01
0646  1.912870E-01
0647  1.910937E-01
0648  1.909007E-01
0649  1.907080E-01
0650  1.905156E-01
0651  1.903234E-01
0652  1.901316E-01
0653  1.899401E-01
0654  1.897488E-01
0655  1.895579E-01
0656  1.893672E-01
0657  1.891768E-01
0658  1.889868E-01
0659  1.887970E-01
0660  1.886075E-01
0661  1.884182E-01
0662  1.882293E-01
0663  1.880407E-01
0664  1.878523E-01
0665  1.876642E-01
0666  1.874764E-01
0667  1.872889E-01
0668  1.871017E-01
0669  1.869147E-01
0670  1.867280E-01
0671  1.865416E-01
0672  1.863555E-01
0673  1.861697E-01
0674  1.859841E-01
0675  1.857988E-01
0676  1.856138E-01
0677  1.854291E-01
0678  1.852446E-01
0679  1.850604E-01
0680  1.848765E-01
0681  1.846928E-01
0682  1.845094E-01
0683  1.843263E-01
0684  1.841434E-01
0685  1.839609E-01
0686  1.837785E-01
0687  1.835965E-01
0688  1.834147E-01
0689  1.832332E-01
0690  1.830519E-01
0691  1.828709E-01
0692  1.826902E-01
0693  1.825097E-01
0694  1.823295E-01
0695  1.821495E-01
0696  1.819698E-01
0697  1.817904E-01
0698  1.816112E-01
0699  1.814323E-01
0700  1.812536E-01
0701  1.810752E-01
0702  1.808971E-01
0703  1.807192E-01
0704  1.805415E-01
0705  1.803641E-01
0706  1.801870E-01
0707  1.800101E-01
0708  1.798334E-01
0709  1.796570E-01
0710  1.794809E-01
0711  1.793050E-01
0712  1.791293E-01
0713  1.789539E-01
0714  1.787787E-01
0715  1.786038E-01
0716  1.784291E-01
0717  1.782547E-01
0718  1.780805E-01
0719  1.779066E-01
0720  1.777329E-01
0721  1.775594E-01
0722  1.773862E-01
0723  1.772132E-01
0724  1.770405E-01
0725  1.768680E-01
0726  1.766957E-01
0727  1.765237E-01
0728  1.763519E-01
0729  1.761803E-01
0730  1.760090E-01
0731  1.758379E-01
0732  1.756671E-01
0733  1.754964E-01
0734  1.753261E-01
0735  1.751559E-01
0736  1.749860E-01
0737  1.748163E-01
0738  1.746468E-01
0739  1.744776E-01
0740  1.743086E-01
0741  1.741398E-01
0742  1.739713E-01
0743  1.738029E-01
0744  1.736348E-01
0745  1.734670E-01
0746  1.732993E-01
0747  1.731319E-01
0748  1.729647E-01
0749  1.727977E-01
0750  1.726310E-01
0751  1.724645E-01
0752  1.722982E-01
0753  1.721321E-01
0754  1.719662E-01
0755  1.718006E-01
0756  1.716351E-01
0757  1.714699E-01
0758  1.713049E-01
0759  1.711402E-01
0760  1.709756E-01
0761  1.708113E-01
0762  1.706472E-01
0763  1.704832E-01
0764  1.703196E-01
0765  1.701561E-01
0766  1.699928E-01
0767  1.698298E-01
0768  1.696669E-01
0769  1.695043E-01
0770  1.693419E-01
0771  1.691797E-01
0772  1.690177E-01
0773  1.688559E-01
0774  1.686943E-01
0775  1.685330E-01
0776  1.683718E-01
0777  1.682108E-01
0778  1.680501E-01
0779  1.678896E-01
0780  1.677292E-01
0781  1.675691E-01
0782  1.674092E-01
0783  1.672495E-01
0784  1.670899E-01
0785  1.669306E-01
0786  1.667715E-01
0787  1.666126E-01
0788  1.664539E-01
0789  1.662954E-01
0790  1.661371E-01
0791  1.659790E-01
0792  1.658211E-01
0793  1.656634E-01
0794  1.655059E-01
0795  1.653486E-01
0796  1.651915E-01
0797  1.650346E-01
0798  1.648779E-01
0799  1.647214E-01
0800  1.645650E-01
0801  1.644089E-01
0802  1.642530E-01
0803  1.640972E-01
0804  1.639417E-01
0805  1.637864E-01
0806  1.636312E-01
0807  1.634762E-01
0808  1.633215E-01
0809  1.631669E-01
0810  1.630125E-01
0811  1.628583E-01
0812  1.627043E-01
0813  1.625505E-01
0814  1.623968E-01
0815  1.622434E-01
0816  1.620901E-01
0817  1.619371E-01
0818  1.617842E-01
0819  1.616315E-01
0820  1.614790E-01
0821  1.613267E-01
0822  1.611745E-01
0823  1.610226E-01
0824  1.608708E-01
0825  1.607192E-01
0826  1.605678E-01
0827  1.604166E-01
0828  1.602656E-01
0829  1.601147E-01
0830  1.599641E-01
0831  1.598136E-01
0832  1.596633E-01
0833  1.595132E-01
0834  1.593632E-01
0835  1.592134E-01
0836  1.590639E-01
0837  1.589145E-01
0838  1.587652E-01
0839  1.586162E-01
0840  1.584673E-01
0841  1.583186E-01
0842  1.581701E-01
0843  1.580217E-01
0844  1.578736E-01
0845  1.577256E-01
0846  1.575778E-01
0847  1.574301E-01
0848  1.572827E-01
0849  1.571354E-01
0850  1.569882E-01
0851  1.568413E-01
0852  1.566945E-01
0853  1.565479E-01
0854  1.564015E-01
0855  1.562552E-01
0856  1.561091E-01
0857  1.559632E-01
0858  1.558175E-01
0859  1.556719E-01
0860  1.555265E-01
0861  1.553812E-01
0862  1.552362E-01
0863  1.550913E-01
0864  1.549465E-01
0865  1.548020E-01
0866  1.546576E-01
0867  1.545133E-01
0868  1.543693E-01
0869  1.542254E-01
0870  1.540816E-01
0871  1.539381E-01
0872  1.537947E-01
0873  1.536514E-01
0874  1.535083E-01
0875  1.533654E-01
0876  1.532227E-01
0877  1.530801E-01
0878  1.529376E-01
0879  1.527954E-01
0880  1.526533E-01
0881  1.525113E-01
0882  1.523696E-01
0883  1.522279E-01
0884  1.520865E-01
0885  1.519452E-01
0886  1.518040E-01
0887  1.516631E-01
0888  1.515222E-01
0889  1.513816E-01
0890  1.512411E-01
0891  1.511007E-01
0892  1.509605E-01
0893  1.508205E-01
0894  1.506806E-01
0895  1.505409E-01
0896  1.504014E-01
0897  1.502619E-01
0898  1.501227E-01
0899  1.499836E-01
0900  1.498447E-01
0901  1.497059E-01
0902  1.495672E-01
0903  1.494287E-01
0904  1.492904E-01
0905  1.491522E-01
0906  1.490142E-01
0907  1.488764E-01
0908  1.487386E-01
0909  1.486011E-01
0910  1.484637E-01
0911  1.483264E-01
0912  1.481893E-01
0913  1.480523E-01
0914  1.479155E-01
0915  1.477788E-01
0916  1.476423E-01
0917  1.475060E-01
0918  1.473697E-01
0919  1.472337E-01
0920  1.470978E-01
0921  1.469620E-01
0922  1.468264E-01
0923  1.466909E-01
0924  1.465555E-01
0925  1.464204E-01
0926  1.462853E-01
0927  1.461504E-01
0928  1.460157E-01
0929  1.458811E-01
0930  1.457466E-01
0931  1.456123E-01
0932  1.454781E-01
0933  1.453441E-01
0934  1.452102E-01
0935  1.450765E-01
0936  1.449429E-01
0937  1.448094E-01
0938  1.446761E-01
0939  1.445430E-01
0940  1.444099E-01
0941  1.442770E-01
0942  1.441443E-01
0943  1.440117E-01
0944  1.438792E-01
0945  1.437469E-01
0946  1.436147E-01
0947  1.434827E-01
0948  1.433508E-01
0949  1.432190E-01
0950  1.430874E-01
0951  1.429559E-01
0952  1.428246E-01
0953  1.426933E-01
0954  1.425623E-01
0955  1.424313E-01
0956  1.423005E-01
0957  1.421699E-01
0958  1.420393E-01
0959  1.419090E-01
0960  1.417787E-01
0961  1.416486E-01
0962  1.415186E-01
0963  1.413888E-01
0964  1.412590E-01
0965  1.411295E-01
0966  1.410000E-01
0967  1.408707E-01
0968  1.407415E-01
0969  1.406125E-01
0970  1.404836E-01
0971  1.403548E-01
0972  1.402262E-01
0973  1.400976E-01
0974  1.399693E-01
0975  1.398410E-01
0976  1.397129E-01
0977  1.395849E-01
0978  1.394570E-01
0979  1.393293E-01
0980  1.392017E-01
0981  1.390743E-01
0982  1.389469E-01
0983  1.388197E-01
0984  1.386926E-01
0985  1.385657E-01
0986  1.384389E-01
0987  1.383122E-01
0988  1.381856E-01
0989  1.380592E-01
0990  1.379329E-01
0991  1.378067E-01
0992  1.376807E-01
0993  1.375547E-01
0994  1.374289E-01
0995  1.373033E-01
0996  1.371777E-01
0997  1.370523E-01
0998  1.369270E-01
0999  1.368019E-01
1000  1.366768E-01
1001  1.365519E-01
1002  1.364271E-01
1003  1.363024E-01
1004  1.361779E-01
1005  1.360535E-01
1006  1.359292E-01
1007  1.358050E-01
1008  1.356810E-01
1009  1.355570E-01
1010  1.354332E-01
1011  1.353096E-01
1012  1.351860E-01
1013  1.350626E-01
1014  1.349392E-01
1015  1.348161E-01
1016  1.346930E-01
1017  1.345700E-01
1018  1.344472E-01
1019  1.343245E-01
1020  1.342019E-01
1021  1.340794E-01
1022  1.339571E-01
1023  1.338349E-01
1024  1.337128E-01
1025  1.335908E-01
1026  1.334689E-01
1027  1.333471E-01
1028  1.332255E-01
1029  1.331040E-01
1030  1.329826E-01
1031  1.328613E-01
1032  1.327402E-01
1033  1.326191E-01
1034  1.324982E-01
1035  1.323774E-01
1036  1.322567E-01
1037  1.321361E-01
1038  1.320156E-01
1039  1.318953E-01
1040  1.317751E-01
1041  1.316549E-01
1042  1.315349E-01
1043  1.314151E-01
1044  1.312953E-01
1045  1.311756E-01
1046  1.310561E-01
1047  1.309367E-01
1048  1.308174E-01
1049  1.306982E-01
1050  1.305791E-01
1051  1.304601E-01
1052  1.303413E-01
1053  1.302225E-01
1054  1.301039E-01
1055  1.299854E-01
1056  1.298669E-01
1057  1.297487E-01
1058  1.296305E-01
1059  1.295124E-01
1060  1.293944E-01
1061  1.292766E-01
1062  1.291589E-01
1063  1.290412E-01
1064  1.289237E-01
1065  1.288063E-01
1066  1.286890E-01
1067  1.285718E-01
1068  1.284547E-01
1069  1.283378E-01
1070  1.282209E-01
1071  1.281042E-01
1072  1.279875E-01
1073  1.278710E-01
1074  1.277546E-01
1075  1.276383E-01
1076  1.275221E-01
1077  1.274060E-01
1078  1.272900E-01
1079  1.271741E-01
1080  1.270583E-01
1081  1.269426E-01
1082  1.268271E-01
1083  1.267116E-01
1084  1.265963E-01
1085  1.264810E-01
1086  1.263659E-01
1087  1.262509E-01
1088  1.261360E-01
1089  1.260211E-01
1090  1.259064E-01
1091  1.257918E-01
1092  1.256773E-01
1093  1.255629E-01
1094  1.254486E-01
1095  1.253344E-01
1096  1.252204E-01
1097  1.251064E-01
1098  1.249925E-01
1099  1.248787E-01
1100  1.247651E-01
1101  1.246515E-01
1102  1.245380E-01
1103  1.244247E-01
1104  1.243114E-01
1105  1.241983E-01
1106  1.240852E-01
1107  1.239723E-01
1108  1.238594E-01
1109  1.237467E-01
1110  1.236340E-01
1111  1.235215E-01
1112  1.234090E-01
1113  1.232967E-01
1114  1.231845E-01
1115  1.230723E-01
1116  1.229603E-01
1117  1.228483E-01
1118  1.227365E-01
1119  1.226248E-01
1120  1.225131E-01
1121  1.224016E-01
1122  1.222902E-01
1123  1.221788E-01
1124  1.220676E-01
1125  1.219564E-01
1126  1.218454E-01
1127  1.217344E-01
1128  1.216236E-01
1129  1.215129E-01
1130  1.214022E-01
1131  1.212916E-01
1132  1.211812E-01
1133  1.210708E-01
1134  1.209606E-01
1135  1.208504E-01
1136  1.207404E-01
1137  1.206304E-01
1138  1.205205E-01
1139  1.204107E-01
1140  1.203011E-01
1141  1.201915E-01
1142  1.200820E-01
1143  1.199726E-01
1144  1.198633E-01
1145  1.197541E-01
1146  1.196450E-01
1147  1.195360E-01
1148  1.194271E-01
1149  1.193183E-01
1150  1.192095E-01
1151  1.191009E-01
1152  1.189924E-01
1153  1.188839E-01
1154  1.187756E-01
1155  1.186673E-01
1156  1.185592E-01
1157  1.184511E-01
1158  1.183431E-01
1159  1.182352E-01
1160  1.181275E-01
1161  1.180198E-01
1162  1.179122E-01
1163  1.178047E-01
1164  1.176972E-01
1165  1.175899E-01
1166  1.174827E-01
1167  1.173755E-01
1168  1.172685E-01
1169  1.171615E-01
1170  1.170547E-01
1171  1.169479E-01
1172  1.168412E-01
1173  1.167346E-01
1174  1.166281E-01
1175  1.165217E-01
1176  1.164154E-01
1177  1.163092E-01
1178  1.162030E-01
1179  1.160970E-01
1180  1.159910E-01
1181  1.158851E-01
1182  1.157794E-01
1183  1.156737E-01
1184  1.155681E-01
1185  1.154626E-01
1186  1.153571E-01
1187  1.152518E-01
1188  1.151466E-01
1189  1.150414E-01
1190  1.149363E-01
1191  1.148314E-01
1192  1.147265E-01
1193  1.146217E-01
1194  1.145169E-01
1195  1.144123E-01
1196  1.143078E-01
1197  1.142033E-01
1198  1.140990E-01
1199  1.139947E-01
1200  1.138905E-01
1201  1.137864E-01
1202  1.136824E-01
1203  1.135784E-01
1204  1.134746E-01
1205  1.133708E-01
1206  1.132671E-01
1207  1.131636E-01
1208  1.130601E-01
1209  1.129566E-01
1210  1.128533E-01
1211  1.127501E-01
1212  1.126469E-01
1213  1.125438E-01
1214  1.124408E-01
1215  1.123379E-01
1216  1.122351E-01
1217  1.121324E-01
1218  1.120297E-01
1219  1.119272E-01
1220  1.118247E-01
1221  1.117223E-01
1222  1.116200E-01
1223  1.115177E-01
1224  1.114156E-01
1225  1.113135E-01
1226  1.112115E-01
1227  1.111096E-01
1228  1.110078E-01
1229  1.109061E-01
1230  1.108044E-01
1231  1.107029E-01
1232  1.106014E-01
1233  1.105000E-01
1234  1.103987E-01
1235  1.102974E-01
1236  1.101963E-01
1237  1.100952E-01
1238  1.099942E-01
1239  1.098933E-01
1240  1.097924E-01
1241  1.096917E-01
1242  1.095910E-01
1243  1.094904E-01
1244  1.093899E-01
1245  1.092895E-01
1246  1.091892E-01
1247  1.090889E-01
1248  1.089887E-01
1249  1.088886E-01
1250  1.087886E-01
1251  1.086887E-01
1252  1.085888E-01
1253  1.084890E-01
1254  1.083893E-01
1255  1.082897E-01
1256  1.081901E-01
1257  1.080907E-01
1258  1.079913E-01
1259  1.078920E-01
1260  1.077927E-01
1261  1.076936E-01
1262  1.075945E-01
1263  1.074955E-01
1264  1.073966E-01
1265  1.072978E-01
1266  1.071990E-01
1267  1.071003E-01
1268  1.070017E-01
1269  1.069032E-01
1270  1.068048E-01
1271  1.067064E-01
1272  1.066081E-01
1273  1.065099E-01
1274  1.064117E-01
1275  1.063137E-01
1276  1.062157E-01
1277  1.061178E-01
1278  1.060200E-01
1279  1.059222E-01
1280  1.058245E-01
1281  1.057269E-01
1282  1.056294E-01
1283  1.055320E-01
1284  1.054346E-01
1285  1.053373E-01
1286  1.052401E-01
1287  1.051429E-01
1288  1.050458E-01
1289  1.049489E-01
1290  1.048519E-01
1291  1.047551E-01
1292  1.046583E-01
1293  1.045616E-01
1294  1.044650E-01
1295  1.043685E-01
1296  1.042720E-01
1297  1.041756E-01
1298  1.040793E-01
1299  1.039830E-01
1300  1.038868E-01
1301  1.037907E-01
1302  1.036947E-01
1303  1.035988E-01
1304  1.035029E-01
1305  1.034071E-01
1306  1.033113E-01
1307  1.032157E-01
1308  1.031201E-01
1309  1.030246E-01
1310  1.029291E-01
1311  1.028338E-01
1312  1.027385E-01
1313  1.026433E-01
1314  1.025481E-01
1315  1.024530E-01
1316  1.023580E-01
1317  1.022631E-01
1318  1.021682E-01
1319  1.020734E-01
1320  1.019787E-01
1321  1.018841E-01
1322  1.017895E-01
1323  1.016950E-01
1324  1.016006E-01
1325  1.015062E-01
1326  1.014119E-01
1327  1.013177E-01
1328  1.012236E-01
1329  1.011295E-01
1330  1.010355E-01
1331  1.009416E-01
1332  1.008477E-01
1333  1.007539E-01
1334  1.006602E-01
1335  1.005665E-01
1336  1.004729E-01
1337  1.003794E-01
1338  1.002860E-01
1339  1.001926E-01
1340  1.000993E-01
1341  1.000061E-01
1342  9.991292E-02
1343  9.981982E-02
1344  9.972680E-02
1345  9.963384E-02
1346  9.954095E-02
1347  9.944814E-02
1348  9.935539E-02
1349  9.926271E-02
1350  9.917010E-02
1351  9.907755E-02
1352  9.898508E-02
1353  9.889267E-02
1354  9.880034E-02
1355  9.870807E-02
1356  9.861587E-02
1357  9.852373E-02
1358  9.843167E-02
1359  9.833967E-02
1360  9.824774E-02
1361  9.815588E-02
1362  9.806408E-02
1363  9.797235E-02
1364  9.788069E-02
1365  9.778910E-02
1366  9.769758E-02
1367  9.760612E-02
1368  9.751472E-02
1369  9.742340E-02
1370  9.733214E-02
1371  9.724095E-02
1372  9.714982E-02
1373  9.705876E-02
1374  9.696777E-02
1375  9.687684E-02
1376  9.678598E-02
1377  9.669519E-02
1378  9.660446E-02
1379  9.651380E-02
1380  9.642320E-02
1381  9.633267E-02
1382  9.624220E-02
1383  9.615180E-02
1384  9.606147E-02
1385  9.597120E-02
1386  9.588099E-02
1387  9.579085E-02
1388  9.570078E-02
1389  9.561077E-02
1390  9.552082E-02
1391  9.543094E-02
1392  9.534112E-02
1393  9.525137E-02
1394  9.516169E-02
1395  9.507206E-02
1396  9.498250E-02
1397  9.489301E-02
1398  9.480358E-02
1399  9.471421E-02
1400  9.462491E-02
1401  9.453567E-02
1402  9.444650E-02
1403  9.435739E-02
1404  9.426834E-02
1405  9.417935E-02
1406  9.409043E-02
1407  9.400157E-02
1408  9.391278E-02
1409  9.382405E-02
1410  9.373538E-02
1411  9.364677E-02
1412  9.355823E-02
1413  9.346975E-02
1414  9.338133E-02
1415  9.329298E-02
1416  9.320468E-02
1417  9.311645E-02
1418  9.302828E-02
1419  9.294018E-02
1420  9.285213E-02
1421  9.276415E-02
1422  9.267623E-02
1423  9.258837E-02
1424  9.250057E-02
1425  9.241284E-02
1426  9.232517E-02
1427  9.223755E-02
1428  9.215000E-02
1429  9.206251E-02
1430  9.197508E-02
1431  9.188772E-02
1432  9.180041E-02
1433  9.171317E-02
1434  9.162598E-02
1435  9.153886E-02
1436  9.145179E-02
1437  9.136479E-02
1438  9.127785E-02
1439  9.119097E-02
1440  9.110415E-02
1441  9.101739E-02
1442  9.093069E-02
1443  9.084405E-02
1444  9.075747E-02
1445  9.067095E-02
1446  9.058448E-02
1447  9.049808E-02
1448  9.041174E-02
1449  9.032546E-02
1450  9.023924E-02
1451  9.015308E-02
1452  9.006697E-02
1453  8.998093E-02
1454  8.989494E-02
1455  8.980902E-02
1456  8.972315E-02
1457  8.963734E-02
1458  8.955160E-02
1459  8.946591E-02
1460  8.938027E-02
1461  8.929470E-02
1462  8.920919E-02
1463  8.912373E-02
1464  8.903834E-02
1465  8.895300E-02
1466  8.886772E-02
1467  8.878249E-02
1468  8.869733E-02
1469  8.861222E-02
1470  8.852717E-02
1471  8.844218E-02
1472  8.835725E-02
1473  8.827237E-02
1474  8.818756E-02
1475  8.810280E-02
1476  8.801809E-02
1477  8.793345E-02
1478  8.784886E-02
1479  8.776433E-02
1480  8.767986E-02
1481  8.759544E-02
1482  8.751108E-02
1483  8.742678E-02
1484  8.734253E-02
1485  8.725834E-02
1486  8.717421E-02
1487  8.709013E-02
1488  8.700611E-02
1489  8.692215E-02
1490  8.683824E-02
1491  8.675439E-02
1492  8.667060E-02
1493  8.658686E-02
1494  8.650318E-02
1495  8.641955E-02
1496  8.633598E-02
1497  8.625247E-02
1498  8.616901E-02
1499  8.608561E-02
1500  8.600226E-02
1501  8.591897E-02
1502  8.583574E-02
1503  8.575255E-02
1504  8.566943E-02
1505  8.558636E-02
1506  8.550334E-02
1507  8.542039E-02
1508  8.533748E-02
1509  8.525463E-02
1510  8.517184E-02
1511  8.508910E-02
1512  8.500641E-02
1513  8.492378E-02
1514  8.484120E-02
1515  8.475868E-02
1516  8.467622E-02
1517  8.459380E-02
1518  8.451144E-02
1519  8.442914E-02
1520  8.434689E-02
1521  8.426469E-02
1522  8.418255E-02
1523  8.410046E-02
1524  8.401843E-02
1525  8.393645E-02
1526  8.385452E-02
1527  8.377265E-02
1528  8.369083E-02
1529  8.360907E-02
1530  8.352735E-02
1531  8.344569E-02
1532  8.336409E-02
1533  8.328254E-02
1534  8.320104E-02
1535  8.311959E-02
1536  8.303820E-02
1537  8.295686E-02
1538  8.287557E-02
1539  8.279434E-02
1540  8.271316E-02
1541  8.263203E-02
1542  8.255095E-02
1543  8.246993E-02
1544  8.238896E-02
1545  8.230804E-02
1546  8.222717E-02
1547  8.214636E-02
1548  8.206560E-02
1549  8.198489E-02
1550  8.190423E-02
1551  8.182362E-02
1552  8.174307E-02
1553  8.166257E-02
1554  8.158212E-02
1555  8.150172E-02
1556  8.142137E-02
1557  8.134108E-02
1558  8.126084E-02
1559  8.118064E-02
1560  8.110050E-02
1561  8.102042E-02
1562  8.094038E-02
1563  8.086039E-02
1564  8.078046E-02
1565  8.070057E-02
1566  8.062074E-02
1567  8.054096E-02
1568  8.046122E-02
1569  8.038154E-02
1570  8.030191E-02
1571  8.022234E-02
1572  8.014281E-02
1573  8.006333E-02
1574  7.998390E-02
1575  7.990453E-02
1576  7.982520E-02
1577  7.974592E-02
1578  7.966670E-02
1579  7.958752E-02
1580  7.950840E-02
1581  7.942932E-02
1582  7.935029E-02
1583  7.927132E-02
1584  7.919239E-02
1585  7.911352E-02
1586  7.903469E-02
1587  7.895591E-02
1588  7.887719E-02
1589  7.879851E-02
1590  7.871988E-02
1591  7.864130E-02
1592  7.856278E-02
1593  7.848430E-02
1594  7.840587E-02
1595  7.832748E-02
1596  7.824915E-02
1597  7.817087E-02
1598  7.809264E-02
1599  7.801445E-02
1600  7.793631E-02
1601  7.785823E-02
1602  7.778019E-02
1603  7.770220E-02
1604  7.762426E-02
1605  7.754636E-02
1606  7.746852E-02
1607  7.739072E-02
1608  7.731298E-02
1609  7.723528E-02
1610  7.715763E-02
1611  7.708002E-02
1612  7.700247E-02
1613  7.692496E-02
1614  7.684751E-02
1615  7.677010E-02
1616  7.669273E-02
1617  7.661542E-02
1618  7.653815E-02
1619  7.646093E-02
1620  7.638376E-02
1621  7.630664E-02
1622  7.622956E-02
1623  7.615253E-02
1624  7.607555E-02
1625  7.599862E-02
1626  7.592173E-02
1627  7.584489E-02
1628  7.576810E-02
1629  7.569136E-02
1630  7.561466E-02
1631  7.553801E-02
1632  7.546140E-02
1633  7.538485E-02
1634  7.530834E-02
1635  7.523188E-02
1636  7.515546E-02
1637  7.507909E-02
1638  7.500277E-02
1639  7.492649E-02
1640  7.485026E-02
1641  7.477408E-02
1642  7.469794E-02
1643  7.462185E-02
1644  7.454580E-02
1645  7.446981E-02
1646  7.439385E-02
1647  7.431795E-02
1648  7.424209E-02
1649  7.416628E-02
1650  7.409051E-02
1651  7.401479E-02
1652  7.393911E-02
1653  7.386348E-02
1654  7.378790E-02
1655  7.371236E-02
1656  7.363686E-02
1657  7.356142E-02
1658  7.348601E-02
1659  7.341066E-02
1660  7.333535E-02
1661  7.326008E-02
1662  7.318486E-02
1663  7.310969E-02
1664  7.303456E-02
1665  7.295947E-02
1666  7.288443E-02
1667  7.280944E-02
1668  7.273449E-02
1669  7.265958E-02
1670  7.258472E-02
1671  7.250991E-02
1672  7.243514E-02
1673  7.236041E-02
1674  7.228573E-02
1675  7.221109E-02
1676  7.213650E-02
1677  7.206195E-02
1678  7.198745E-02
1679  7.191299E-02
1680  7.183858E-02
1681  7.176421E-02
1682  7.168988E-02
1683  7.161560E-02
1684  7.154136E-02
1685  7.146717E-02
1686  7.139302E-02
1687  7.131891E-02
1688  7.124485E-02
1689  7.117083E-02
1690  7.109686E-02
1691  7.102293E-02
1692  7.094904E-02
1693  7.087520E-02
1694  7.080140E-02
1695  7.072765E-02
1696  7.065393E-02
1697  7.058027E-02
1698  7.050664E-02
1699  7.043306E-02
1700  7.035952E-02
1701  7.028602E-02
1702  7.021257E-02
1703  7.013916E-02
1704  7.006580E-02
1705  6.999247E-02
1706  6.991919E-02
1707  6.984596E-02
1708  6.977276E-02
1709  6.969961E-02
1710  6.962650E-02
1711  6.955344E-02
1712  6.948042E-02
1713  6.940743E-02
1714  6.933450E-02
1715  6.926160E-02
1716  6.918875E-02
1717  6.911594E-02
1718  6.904317E-02
1719  6.897045E-02
1720  6.889776E-02
1721  6.882512E-02
1722  6.875252E-02
1723  6.867997E-02
1724  6.860745E-02
1725  6.853498E-02
1726  6.846255E-02
1727  6.839016E-02
1728  6.831781E-02
1729  6.824551E-02
1730  6.817325E-02
1731  6.810102E-02
1732  6.802884E-02
1733  6.795671E-02
1734  6.788461E-02
1735  6.781256E-02
1736  6.774054E-02
1737  6.766857E-02
1738  6.759664E-02
1739  6.752475E-02
1740  6.745290E-02
1741  6.738110E-02
1742  6.730933E-02
1743  6.723761E-02
1744  6.716593E-02
1745  6.709428E-02
1746  6.702268E-02
1747  6.695112E-02
1748  6.687961E-02
1749  6.680813E-02
1750  6.673669E-02
1751  6.666530E-02
1752  6.659394E-02
1753  6.652263E-02
1754  6.645135E-02
1755  6.638012E-02
1756  6.630893E-02
1757  6.623777E-02
1758  6.616666E-02
1759  6.609559E-02
1760  6.602456E-02
1761  6.595357E-02
1762  6.588262E-02
1763  6.581171E-02
1764  6.574084E-02
1765  6.567001E-02
1766  6.559922E-02
1767  6.552847E-02
1768  6.545776E-02
1769  6.538709E-02
1770  6.531646E-02
1771  6.524587E-02
1772  6.517532E-02
1773  6.510481E-02
1774  6.503434E-02
1775  6.496391E-02
1776  6.489352E-02
1777  6.482317E-02
1778  6.475286E-02
1779  6.468259E-02
1780  6.461235E-02
1781  6.454216E-02
1782  6.447201E-02
1783  6.440189E-02
1784  6.433182E-02
1785  6.426178E-02
1786  6.419179E-02
1787  6.412183E-02
1788  6.405191E-02
1789  6.398203E-02
1790  6.391219E-02
1791  6.384239E-02
1792  6.377263E-02
1793  6.370290E-02
1794  6.363322E-02
1795  6.356357E-02
1796  6.349397E-02
1797  6.342440E-02
1798  6.335487E-02
1799  6.328538E-02
1800  6.321593E-02
1801  6.314651E-02
1802  6.307714E-02
1803  6.300780E-02
1804  6.293851E-02
1805  6.286925E-02
1806  6.280002E-02
1807  6.273084E-02
1808  6.266170E-02
1809  6.259259E-02
1810  6.252352E-02
1811  6.245449E-02
1812  6.238550E-02
1813  6.231655E-02
1814  6.224763E-02
1815  6.217875E-02
1816  6.210991E-02
1817  6.204111E-02
1818  6.197235E-02
1819  6.190362E-02
1820  6.183493E-02
1821  6.176628E-02
1822  6.169767E-02
1823  6.162909E-02
1824  6.156055E-02
1825  6.149205E-02
1826  6.142359E-02
1827  6.135517E-02
1828  6.128678E-02
1829  6.121843E-02
1830  6.115012E-02
1831  6.108184E-02
1832  6.101360E-02
1833  6.094540E-02
1834  6.087724E-02
1835  6.080911E-02
1836  6.074102E-02
1837  6.067297E-02
1838  6.060495E-02
1839  6.053697E-02
1840  6.046903E-02
1841  6.040112E-02
1842  6.033326E-02
1843  6.026543E-02
1844  6.019763E-02
1845  6.012987E-02
1846  6.006215E-02
1847  5.999447E-02
1848  5.992682E-02
1849  5.985921E-02
1850  5.979164E-02
1851  5.972410E-02
1852  5.965660E-02
1853  5.958913E-02
1854  5.952170E-02
1855  5.945431E-02
1856  5.938696E-02
1857  5.931964E-02
1858  5.925235E-02
1859  5.918511E-02
1860  5.911789E-02
1861  5.905072E-02
1862  5.898358E-02
1863  5.891648E-02
1864  5.884941E-02
1865  5.878238E-02
1866  5.871539E-02
1867  5.864843E-02
1868  5.858150E-02
1869  5.851462E-02
1870  5.844776E-02
1871  5.838095E-02
1872  5.831417E-02
1873  5.824742E-02
1874  5.818072E-02
1875  5.811404E-02
1876  5.804741E-02
1877  5.798080E-02
1878  5.791424E-02
1879  5.784771E-02
1880  5.778121E-02
1881  5.771475E-02
1882  5.764832E-02
1883  5.758193E-02
1884  5.751558E-02
1885  5.744926E-02
1886  5.738298E-02
1887  5.731673E-02
1888  5.725051E-02
1889  5.718433E-02
1890  5.711819E-02
1891  5.705208E-02
1892  5.698601E-02
1893  5.691997E-02
1894  5.685396E-02
1895  5.678799E-02
1896  5.672206E-02
1897  5.665616E-02
1898  5.659030E-02
1899  5.652447E-02
1900  5.645867E-02
1901  5.639291E-02
1902  5.632718E-02
1903  5.626149E-02
1904  5.619583E-02
1905  5.613021E-02
1906  5.606462E-02
1907  5.599907E-02
1908  5.593355E-02
1909  5.586806E-02
1910  5.580261E-02
1911  5.573719E-02
1912  5.567181E-02
1913  5.560646E-02
1914  5.554115E-02
1915  5.547587E-02
1916  5.541062E-02
1917  5.534541E-02
1918  5.528023E-02
1919  5.521509E-02
1920  5.514998E-02
1921  5.508490E-02
1922  5.501986E-02
1923  5.495485E-02
1924  5.488988E-02
1925  5.482494E-02
1926  5.476003E-02
1927  5.469516E-02
1928  5.463032E-02
1929  5.456551E-02
1930  5.450074E-02
1931  5.443600E-02
1932  5.437129E-02
1933  5.430662E-02
1934  5.424198E-02
1935  5.417738E-02
1936  5.411280E-02
1937  5.404827E-02
1938  5.398376E-02
1939  5.391929E-02
1940  5.385485E-02
1941  5.379044E-02
1942  5.372607E-02
1943  5.366173E-02
1944  5.359743E-02
1945  5.353315E-02
1946  5.346891E-02
1947  5.340471E-02
1948  5.334053E-02
1949  5.327639E-02
1950  5.321228E-02
1951  5.314821E-02
1952  5.308417E-02
1953  5.302016E-02
1954  5.295618E-02
1955  5.289224E-02
1956  5.282832E-02
1957  5.276445E-02
1958  5.270060E-02
1959  5.263679E-02
1960  5.257300E-02
1961  5.250926E-02
1962  5.244554E-02
1963  5.238186E-02
1964  5.231821E-02
1965  5.225459E-02
1966  5.219100E-02
1967  5.212745E-02
1968  5.206393E-02
1969  5.200044E-02
1970  5.193698E-02
1971  5.187355E-02
1972  5.181016E-02
1973  5.174680E-02
1974  5.168347E-02
1975  5.162018E-02
1976  5.155691E-02
1977  5.149368E-02
1978  5.143048E-02
1979  5.136731E-02
1980  5.130417E-02
1981  5.124107E-02
1982  5.117800E-02
1983  5.111495E-02
1984  5.105195E-02
1985  5.098897E-02
1986  5.092602E-02
1987  5.086311E-02
1988  5.080023E-02
1989  5.073737E-02
1990  5.067456E-02
1991  5.061177E-02
1992  5.054901E-02
1993  5.048629E-02
1994  5.042359E-02
1995  5.036093E-02
1996  5.029830E-02
1997  5.023570E-02
1998  5.017314E-02
1999  5.011060E-02
2000  5.004809E-02
2001  4.998562E-02
2002  4.992318E-02
2003  4.986077E-02
2004  4.979839E-02
2005  4.973604E-02
2006  4.967372E-02
2007  4.961143E-02
2008  4.954918E-02
2009  4.948695E-02
2010  4.942476E-02
2011  4.936259E-02
2012  4.930046E-02
2013  4.923836E-02
2014  4.917629E-02
2015  4.911425E-02
2016  4.905224E-02
2017  4.899026E-02
2018  4.892832E-02
2019  4.886640E-02
2020  4.880451E-02
2021  4.874266E-02
2022  4.868083E-02
2023  4.861904E-02
2024  4.855727E-02
2025  4.849554E-02
2026  4.843384E-02
2027  4.837217E-02
2028  4.831052E-02
2029  4.824891E-02
2030  4.818733E-02
2031  4.812578E-02
2032  4.806426E-02
2033  4.800277E-02
2034  4.794131E-02
2035  4.787988E-02
2036  4.781848E-02
2037  4.775711E-02
2038  4.769577E-02
2039  4.763446E-02
2040  4.757318E-02
2041  4.751194E-02
2042  4.745072E-02
2043  4.738953E-02
2044  4.732837E-02
2045  4.726724E-02
2046  4.720614E-02
2047  4.714507E-02
2048  4.708403E-02
2049  4.702302E-02
2050  4.696204E-02
2051  4.690109E-02
2052  4.684017E-02
2053  4.677928E-02
2054  4.671842E-02
2055  4.665758E-02
2056  4.659678E-02
2057  4.653601E-02
2058  4.647527E-02
2059  4.641455E-02
2060  4.635387E-02
2061  4.629321E-02
2062  4.623259E-02
2063  4.617199E-02
2064  4.611143E-02
2065  4.605089E-02
2066  4.599038E-02
2067  4.592990E-02
2068  4.586945E-02
2069  4.580903E-02
2070  4.574864E-02
2071  4.568828E-02
2072  4.562795E-02
2073  4.556765E-02
2074  4.550737E-02
2075  4.544713E-02
2076  4.538691E-02
2077  4.532672E-02
2078  4.526656E-02
2079  4.520644E-02
2080  4.514633E-02
2081  4.508626E-02
2082  4.502622E-02
2083  4.496621E-02
2084  4.490622E-02
2085  4.484627E-02
2086  4.478634E-02
2087  4.472644E-02
2088  4.466657E-02
2089  4.460673E-02
2090  4.454691E-02
2091  4.448713E-02
2092  4.442738E-02
2093  4.436765E-02
2094  4.430795E-02
2095  4.424828E-02
2096  4.418864E-02
2097  4.412902E-02
2098  4.406944E-02
2099  4.400988E-02
2100  4.395036E-02
2101  4.389086E-02
2102  4.383139E-02
2103  4.377194E-02
2104  4.371253E-02
2105  4.365314E-02
2106  4.359378E-02
2107  4.353445E-02
2108  4.347515E-02
2109  4.341588E-02
2110  4.335663E-02
2111  4.329741E-02
2112  4.323822E-02
2113  4.317906E-02
2114  4.311993E-02
2115  4.306082E-02
2116  4.300175E-02
2117  4.294270E-02
2118  4.288367E-02
2119  4.282468E-02
2120  4.276571E-02
2121  4.270678E-02
2122  4.264786E-02
2123  4.258898E-02
2124  4.253013E-02
2125  4.247130E-02
2126  4.241250E-02
2127  4.235373E-02
2128  4.229498E-02
2129  4.223627E-02
2130  4.217758E-02
2131  4.211892E-02
2132  4.206028E-02
2133  4.200167E-02
2134  4.194309E-02
2135  4.188454E-02
2136  4.182602E-02
2137  4.176752E-02
2138  4.170905E-02
2139  4.165061E-02
2140  4.159219E-02
2141  4.153381E-02
2142  4.147545E-02
2143  4.141711E-02
2144  4.135881E-02
2145  4.130053E-02
2146  4.124228E-02
2147  4.118405E-02
2148  4.112586E-02
2149  4.106769E-02
2150  4.100954E-02
2151  4.095143E-02
2152  4.089334E-02
2153  4.083527E-02
2154  4.077724E-02
2155  4.071923E-02
2156  4.066125E-02
2157  4.060330E-02
2158  4.054537E-02
2159  4.048747E-02
2160  4.042959E-02
2161  4.037175E-02
2162  4.031393E-02
2163  4.025613E-02
2164  4.019836E-02
2165  4.014062E-02
2166  4.008291E-02
2167  4.002522E-02
2168  3.996756E-02
2169  3.990993E-02
2170  3.985232E-02
2171  3.979474E-02
2172  3.973719E-02
2173  3.967966E-02
2174  3.962216E-02
2175  3.956468E-02
2176  3.950724E-02
2177  3.944981E-02
2178  3.939242E-02
2179  3.933505E-02
2180  3.927771E-02
2181  3.922039E-02
2182  3.916310E-02
2183  3.910583E-02
2184  3.904860E-02
2185  3.899139E-02
2186  3.893420E-02
2187  3.887704E-02
2188  3.881991E-02
2189  3.876280E-02
2190  3.870572E-02
2191  3.864866E-02
2192  3.859164E-02
2193  3.853463E-02
2194  3.847766E-02
2195  3.842070E-02
2196  3.836378E-02
2197  3.830688E-02
2198  3.825001E-02
2199  3.819316E-02
2200  3.813634E-02
2201  3.807954E-02
2202  3.802277E-02
2203  3.796603E-02
2204  3.790931E-02
2205  3.785262E-02
2206  3.779595E-02
2207  3.773931E-02
2208  3.768269E-02
2209  3.762610E-02
2210  3.756954E-02
2211  3.751300E-02
2212  3.745649E-02
2213  3.740000E-02
2214  3.734354E-02
2215  3.728710E-02
2216  3.723069E-02
2217  3.717431E-02
2218  3.711795E-02
2219  3.706161E-02
2220  3.700530E-02
2221  3.694902E-02
2222  3.689276E-02
2223  3.683652E-02
2224  3.678032E-02
2225  3.672413E-02
2226  3.666798E-02
2227  3.661184E-02
2228  3.655574E-02
2229  3.649965E-02
2230  3.644360E-02
2231  3.638757E-02
2232  3.633156E-02
2233  3.627558E-02
2234  3.621962E-02
2235  3.616369E-02
2236  3.610778E-02
2237  3.605190E-02
2238  3.599605E-02
2239  3.594021E-02
2240  3.588441E-02
2241  3.582863E-02
2242  3.577287E-02
2243  3.571714E-02
2244  3.566143E-02
2245  3.560575E-02
2246  3.555009E-02
2247  3.549446E-02
2248  3.543885E-02
2249  3.538327E-02
2250  3.532771E-02
2251  3.527217E-02
2252  3.521666E-02
2253  3.516118E-02
2254  3.510572E-02
2255  3.505028E-02
2256  3.499487E-02
2257  3.493949E-02
2258  3.488413E-02
2259  3.482879E-02
2260  3.477348E-02
2261  3.471819E-02
2262  3.466292E-02
2263  3.460769E-02
2264  3.455247E-02
2265  3.449728E-02
2266  3.444211E-02
2267  3.438697E-02
2268  3.433186E-02
2269  3.427676E-02
2270  3.422169E-02
2271  3.416665E-02
2272  3.411163E-02
2273  3.405663E-02
2274  3.400166E-02
2275  3.394671E-02
2276  3.389179E-02
2277  3.383689E-02
2278  3.378201E-02
2279  3.372716E-02
2280  3.367233E-02
2281  3.361753E-02
2282  3.356275E-02
2283  3.350800E-02
2284  3.345327E-02
2285  3.339856E-02
2286  3.334387E-02
2287  3.328922E-02
2288  3.323458E-02
2289  3.317997E-02
2290  3.312538E-02
2291  3.307082E-02
2292  3.301628E-02
2293  3.296176E-02
2294  3.290727E-02
2295  3.285280E-02
2296  3.279835E-02
2297  3.274393E-02
2298  3.268953E-02
2299  3.263516E-02
2300  3.258081E-02
2301  3.252648E-02
2302  3.247218E-02
2303  3.241790E-02
2304  3.236364E-02
2305  3.230941E-02
2306  3.225520E-02
2307  3.220102E-02
2308  3.214685E-02
2309  3.209272E-02
2310  3.203860E-02
2311  3.198451E-02
2312  3.193044E-02
2313  3.187640E-02
2314  3.182237E-02
2315  3.176838E-02
2316  3.171440E-02
2317  3.166045E-02
2318  3.160652E-02
2319  3.155262E-02
2320  3.149873E-02
2321  3.144488E-02
2322  3.139104E-02
2323  3.133723E-02
2324  3.128344E-02
2325  3.122967E-02
2326  3.117593E-02
2327  3.112221E-02
2328  3.106851E-02
2329  3.101484E-02
2330  3.096119E-02
2331  3.090756E-02
2332  3.085396E-02
2333  3.080038E-02
2334  3.074682E-02
2335  3.069328E-02
2336  3.063977E-02
2337  3.058628E-02
2338  3.053281E-02
2339  3.047937E-02
2340  3.042595E-02
2341  3.037255E-02
2342  3.031917E-02
2343  3.026582E-02
2344  3.021249E-02
2345  3.015918E-02
2346  3.010590E-02
2347  3.005264E-02
2348  2.999940E-02
2349  2.994618E-02
2350  2.989299E-02
2351  2.983982E-02
2352  2.978667E-02
2353  2.973354E-02
2354  2.968044E-02
2355  2.962736E-02
2356  2.957430E-02
2357  2.952127E-02
2358  2.946825E-02
2359  2.941526E-02
2360  2.936229E-02
2361  2.930935E-02
2362  2.925642E-02
2363  2.920352E-02
2364  2.915064E-02
2365  2.909779E-02
2366  2.904495E-02
2367  2.899214E-02
2368  2.893935E-02
2369  2.888658E-02
2370  2.883384E-02
2371  2.878112E-02
2372  2.872842E-02
2373  2.867574E-02
2374  2.862308E-02
2375  2.857045E-02
2376  2.851784E-02
2377  2.846525E-02
2378  2.841268E-02
2379  2.836014E-02
2380  2.830761E-02
2381  2.825511E-02
2382  2.820263E-02
2383  2.815018E-02
2384  2.809774E-02
2385  2.804533E-02
2386  2.799294E-02
2387  2.794057E-02
2388  2.788822E-02
2389  2.783590E-02
2390  2.778359E-02
2391  2.773131E-02
2392  2.767905E-02
2393  2.762681E-02
2394  2.757460E-02
2395  2.752240E-02
2396  2.747023E-02
2397  2.741808E-02
2398  2.736595E-02
2399  2.731384E-02
2400  2.726176E-02
2401  2.720969E-02
2402  2.715765E-02
2403  2.710563E-02
2404  2.705363E-02
2405  2.700166E-02
2406  2.694970E-02
2407  2.689777E-02
2408  2.684586E-02
2409  2.679396E-02
2410  2.674210E-02
2411  2.669025E-02
2412  2.663842E-02
2413  2.658662E-02
2414  2.653483E-02
2415  2.648307E-02
2416  2.643133E-02
2417  2.637961E-02
2418  2.632791E-02
2419  2.627624E-02
2420  2.622458E-02
2421  2.617295E-02
2422  2.612134E-02
2423  2.606975E-02
2424  2.601818E-02
2425  2.596663E-02
2426  2.591510E-02
2427  2.586360E-02
2428  2.581211E-02
2429  2.576065E-02
2430  2.570921E-02
2431  2.565779E-02
2432  2.560639E-02
2433  2.555501E-02
2434  2.550365E-02
2435  2.545231E-02
2436  2.540100E-02
2437  2.534970E-02
2438  2.529843E-02
2439  2.524718E-02
2440  2.519595E-02
2441  2.514474E-02
2442  2.509355E-02
2443  2.504238E-02
2444  2.499123E-02
2445  2.494010E-02
2446  2.488900E-02
2447  2.483791E-02
2448  2.478685E-02
2449  2.473581E-02
2450  2.468478E-02
2451  2.463378E-02
2452  2.458280E-02
2453  2.453184E-02
2454  2.448090E-02
2455  2.442999E-02
2456  2.437909E-02
2457  2.432821E-02
2458  2.427735E-02
2459  2.422652E-02
2460  2.417570E-02
2461  2.412491E-02
2462  2.407414E-02
2463  2.402338E-02
2464  2.397265E-02
2465  2.392194E-02
2466  2.387125E-02
2467  2.382058E-02
2468  2.376993E-02
2469  2.371930E-02
2470  2.366869E-02
2471  2.361810E-02
2472  2.356753E-02
2473  2.351699E-02
2474  2.346646E-02
2475  2.341595E-02
2476  2.336547E-02
2477  2.331500E-02
2478  2.326455E-02
2479  2.321413E-02
2480  2.316372E-02
2481  2.311334E-02
2482  2.306298E-02
2483  2.301263E-02
2484  2.296231E-02
2485  2.291201E-02
2486  2.286172E-02
2487  2.281146E-02
2488  2.276122E-02
2489  2.271099E-02
2490  2.266079E-02
2491  2.261061E-02
2492  2.256045E-02
2493  2.251031E-02
2494  2.246018E-02
2495  2.241008E-02
2496  2.236000E-02
2497  2.230994E-02
2498  2.225990E-02
2499  2.220988E-02
2500  2.215987E-02
2501  2.210989E-02
2502  2.205993E-02
2503  2.200999E-02
2504  2.196007E-02
2505  2.191017E-02
2506  2.186028E-02
2507  2.181042E-02
2508  2.176058E-02
2509  2.171076E-02
2510  2.166096E-02
2511  2.161117E-02
2512  2.156141E-02
2513  2.151167E-02
2514  2.146194E-02
2515  2.141224E-02
2516  2.136256E-02
2517  2.131289E-02
2518  2.126325E-02
2519  2.121363E-02
2520  2.116402E-02
2521  2.111444E-02
2522  2.106487E-02
2523  2.101533E-02
2524  2.096580E-02
2525  2.091629E-02
2526  2.086681E-02
2527  2.081734E-02
2528  2.076789E-02
2529  2.071846E-02
2530  2.066905E-02
2531  2.061967E-02
2532  2.057030E-02
2533  2.052095E-02
2534  2.047162E-02
2535  2.042230E-02
2536  2.037301E-02
2537  2.032374E-02
2538  2.027449E-02
2539  2.022525E-02
2540  2.017604E-02
2541  2.012685E-02
2542  2.007767E-02
2543  2.002852E-02
2544  1.997938E-02
2545  1.993026E-02
2546  1.988116E-02
2547  1.983208E-02
2548  1.978303E-02
2549  1.973399E-02
2550  1.968496E-02
2551  1.963596E-02
2552  1.958698E-02
2553  1.953802E-02
2554  1.948907E-02
2555  1.944015E-02
2556  1.939124E-02
2557  1.934236E-02
2558  1.929349E-02
2559  1.924464E-02
2560  1.919581E-02
2561  1.914700E-02
2562  1.909821E-02
2563  1.904944E-02
2564  1.900068E-02
2565  1.895195E-02
2566  1.890323E-02
2567  1.885454E-02
2568  1.880586E-02
2569  1.875720E-02
2570  1.870856E-02
2571  1.865994E-02
2572  1.861134E-02
2573  1.856276E-02
2574  1.851419E-02
2575  1.846565E-02
2576  1.841712E-02
2577  1.836862E-02
2578  1.832013E-02
2579  1.827166E-02
2580  1.822321E-02
2581  1.817477E-02
2582  1.812636E-02
2583  1.807797E-02
2584  1.802959E-02
2585  1.798123E-02
2586  1.793290E-02
2587  1.788458E-02
2588  1.783628E-02
2589  1.778799E-02
2590  1.773973E-02
2591  1.769148E-02
2592  1.764326E-02
2593  1.759505E-02
2594  1.754686E-02
2595  1.749869E-02
2596  1.745054E-02
2597  1.740240E-02
2598  1.735429E-02
2599  1.730619E-02
2600  1.725811E-02
2601  1.721006E-02
2602  1.716201E-02
2603  1.711399E-02
2604  1.706599E-02
2605  1.701800E-02
2606  1.697003E-02
2607  1.692209E-02
2608  1.687415E-02
2609  1.682624E-02
2610  1.677835E-02
2611  1.673047E-02
2612  1.668262E-02
2613  1.663478E-02
2614  1.658696E-02
2615  1.653915E-02
2616  1.649137E-02
2617  1.644361E-02
2618  1.639586E-02
2619  1.634813E-02
2620  1.630042E-02
2621  1.625272E-02
2622  1.620505E-02
2623  1.615739E-02
2624  1.610976E-02
2625  1.606214E-02
2626  1.601453E-02
2627  1.596695E-02
2628  1.591938E-02
2629  1.587184E-02
2630  1.582431E-02
2631  1.577680E-02
2632  1.572930E-02
2633  1.568183E-02
2634  1.563437E-02
2635  1.558693E-02
2636  1.553951E-02
2637  1.549211E-02
2638  1.544472E-02
2639  1.539735E-02
2640  1.535000E-02
2641  1.530267E-02
2642  1.525536E-02
2643  1.520806E-02
2644  1.516079E-02
2645  1.511353E-02
2646  1.506628E-02
2647  1.501906E-02
2648  1.497185E-02
2649  1.492466E-02
2650  1.487749E-02
2651  1.483034E-02
2652  1.478321E-02
2653  1.473609E-02
2654  1.468899E-02
2655  1.464191E-02
2656  1.459484E-02
2657  1.454780E-02
2658  1.450077E-02
2659  1.445376E-02
2660  1.440676E-02
2661  1.435979E-02
2662  1.431283E-02
2663  1.426589E-02
2664  1.421897E-02
2665  1.417206E-02
2666  1.412517E-02
2667  1.407830E-02
2668  1.403145E-02
2669  1.398462E-02
2670  1.393780E-02
2671  1.389100E-02
2672  1.384422E-02
2673  1.379745E-02
2674  1.375070E-02
2675  1.370397E-02
2676  1.365726E-02
2677  1.361057E-02
2678  1.356389E-02
2679  1.351723E-02
2680  1.347059E-02
2681  1.342396E-02
2682  1.337735E-02
2683  1.333076E-02
2684  1.328419E-02
2685  1.323764E-02
2686  1.319110E-02
2687  1.314458E-02
2688  1.309807E-02
2689  1.305159E-02
2690  1.300512E-02
2691  1.295866E-02
2692  1.291223E-02
2693  1.286581E-02
2694  1.281941E-02
2695  1.277303E-02
2696  1.272666E-02
2697  1.268032E-02
2698  1.263398E-02
2699  1.258767E-02
2700  1.254137E-02
2701  1.249509E-02
2702  1.244883E-02
2703  1.240258E-02
2704  1.235636E-02
2705  1.231014E-02
2706  1.226395E-02
2707  1.221777E-02
2708  1.217161E-02
2709  1.212547E-02
2710  1.207934E-02
2711  1.203323E-02
2712  1.198714E-02
2713  1.194107E-02
2714  1.189501E-02
2715  1.184897E-02
2716  1.180294E-02
2717  1.175694E-02
2718  1.171095E-02
2719  1.166497E-02
2720  1.161902E-02
2721  1.157308E-02
2722  1.152715E-02
2723  1.148125E-02
2724  1.143536E-02
2725  1.138949E-02
2726  1.134363E-02
2727  1.129779E-02
2728  1.125197E-02
2729  1.120617E-02
2730  1.116038E-02
2731  1.111461E-02
2732  1.106885E-02
2733  1.102311E-02
2734  1.097739E-02
2735  1.093169E-02
2736  1.088600E-02
2737  1.084033E-02
2738  1.079467E-02
2739  1.074904E-02
2740  1.070342E-02
2741  1.065781E-02
2742  1.061222E-02
2743  1.056665E-02
2744  1.052110E-02
2745  1.047556E-02
2746  1.043004E-02
2747  1.038453E-02
2748  1.033905E-02
2749  1.029357E-02
2750  1.024812E-02
2751  1.020268E-02
2752  1.015726E-02
2753  1.011185E-02
2754  1.006646E-02
2755  1.002109E-02
2756  9.975735E-03
2757  9.930395E-03
2758  9.885072E-03
2759  9.839765E-03
2760  9.794474E-03
2761  9.749200E-03
2762  9.703943E-03
2763  9.658702E-03
2764  9.613477E-03
2765  9.568268E-03
2766  9.523076E-03
2767  9.477900E-03
2768  9.432741E-03
2769  9.387598E-03
2770  9.342471E-03
2771  9.297360E-03
2772  9.252266E-03
2773  9.207188E-03
2774  9.162126E-03
2775  9.117081E-03
2776  9.072051E-03
2777  9.027038E-03
2778  8.982041E-03
2779  8.937061E-03
2780  8.892096E-03
2781  8.847148E-03
2782  8.802216E-03
2783  8.757300E-03
2784  8.712400E-03
2785  8.667516E-03
2786  8.622648E-03
2787  8.577797E-03
2788  8.532961E-03
2789  8.488142E-03
2790  8.443339E-03
2791  8.398552E-03
2792  8.353780E-03
2793  8.309025E-03
2794  8.264286E-03
2795  8.219563E-03
2796  8.174856E-03
2797  8.130165E-03
2798  8.085489E-03
2799  8.040830E-03
2800  7.996187E-03
2801  7.951559E-03
2802  7.906948E-03
2803  7.862353E-03
2804  7.817773E-03
2805  7.773209E-03
2806  7.728662E-03
2807  7.684130E-03
2808  7.639614E-03
2809  7.595113E-03
2810  7.550629E-03
2811  7.506160E-03
2812  7.461708E-03
2813  7.417271E-03
2814  7.372850E-03
2815  7.328444E-03
2816  7.284055E-03
2817  7.239681E-03
2818  7.195323E-03
2819  7.150981E-03
2820  7.106654E-03
2821  7.062343E-03
2822  7.018048E-03
2823  6.973768E-03
2824  6.929505E-03
2825  6.885257E-03
2826  6.841024E-03
2827  6.796807E-03
2828  6.752606E-03
2829  6.708421E-03
2830  6.664251E-03
2831  6.620096E-03
2832  6.575958E-03
2833  6.531834E-03
2834  6.487727E-03
2835  6.443635E-03
2836  6.399558E-03
2837  6.355497E-03
2838  6.311452E-03
2839  6.267422E-03
2840  6.223408E-03
2841  6.179409E-03
2842  6.135425E-03
2843  6.091458E-03
2844  6.047505E-03
2845  6.003568E-03
2846  5.959646E-03
2847  5.915740E-03
2848  5.871850E-03
2849  5.827974E-03
2850  5.784114E-03
2851  5.740270E-03
2852  5.696441E-03
2853  5.652627E-03
2854  5.608828E-03
2855  5.565045E-03
2856  5.521278E-03
2857  5.477525E-03
2858  5.433788E-03
2859  5.390066E-03
2860  5.346360E-03
2861  5.302668E-03
2862  5.258992E-03
2863  5.215332E-03
2864  5.171686E-03
2865  5.128056E-03
2866  5.084441E-03
2867  5.040841E-03
2868  4.997257E-03
2869  4.953687E-03
2870  4.910133E-03
2871  4.866594E-03
2872  4.823070E-03
2873  4.779561E-03
2874  4.736068E-03
2875  4.692589E-03
2876  4.649126E-03
2877  4.605678E-03
2878  4.562245E-03
2879  4.518827E-03
2880  4.475424E-03
2881  4.432036E-03
2882  4.388663E-03
2883  4.345305E-03
2884  4.301962E-03
2885  4.258635E-03
2886  4.215322E-03
2887  4.172024E-03
2888  4.128741E-03
2889  4.085474E-03
2890  4.042221E-03
2891  3.998983E-03
2892  3.955760E-03
2893  3.912552E-03
2894  3.869359E-03
2895  3.826181E-03
2896  3.783018E-03
2897  3.739870E-03
2898  3.696737E-03
2899  3.653618E-03
2900  3.610515E-03
2901  3.567426E-03
2902  3.524352E-03
2903  3.481293E-03
2904  3.438249E-03
2905  3.395219E-03
2906  3.352205E-03
2907  3.309205E-03
2908  3.266220E-03
2909  3.223250E-03
2910  3.180295E-03
2911  3.137354E-03
2912  3.094428E-03
2913  3.051517E-03
2914  3.008620E-03
2915  2.965739E-03
2916  2.922872E-03
2917  2.880019E-03
2918  2.837182E-03
2919  2.794359E-03
2920  2.751550E-03
2921  2.708757E-03
2922  2.665978E-03
2923  2.623213E-03
2924  2.580464E-03
2925  2.537728E-03
2926  2.495008E-03
2927  2.452302E-03
2928  2.409611E-03
2929  2.366934E-03
2930  2.324272E-03
2931  2.281624E-03
2932  2.238991E-03
2933  2.196373E-03
2934  2.153769E-03
2935  2.111179E-03
2936  2.068604E-03
2937  2.026044E-03
2938  1.983498E-03
2939  1.940966E-03
2940  1.898449E-03
2941  1.855947E-03
2942  1.813458E-03
2943  1.770985E-03
2944  1.728525E-03
2945  1.686081E-03
2946  1.643650E-03
2947  1.601234E-03
2948  1.558833E-03
2949  1.516445E-03
2950  1.474072E-03
2951  1.431714E-03
2952  1.389370E-03
2953  1.347040E-03
2954  1.304724E-03
2955  1.262423E-03
2956  1.220136E-03
2957  1.177864E-03
2958  1.135605E-03
2959  1.093361E-03
2960  1.051132E-03
2961  1.008916E-03
2962  9.667151E-04
2963  9.245282E-04
2964  8.823555E-04
2965  8.401970E-04
2966  7.980527E-04
2967  7.559227E-04
2968  7.138068E-04
2969  6.717051E-04
2970  6.296176E-04
2971  5.875443E-04
2972  5.454851E-04
2973  5.034401E-04
2974  4.614092E-04
2975  4.193924E-04
2976  3.773898E-04
2977  3.354013E-04
2978  2.934269E-04
2979  2.514665E-04
2980  2.095203E-04
2981  1.675881E-04
2982  1.256700E-04
2983  8.376598E-05
2984  4.187597E-05
2985  0.000000E+00
