EVAL  Pn
0001  1.000000E+00
0002  8.882842E-01
0003  8.229346E-01
0004  7.765684E-01
0005  7.406039E-01
0006  7.112188E-01
0007  6.863741E-01
0008  6.648526E-01
0009  6.458693E-01
0010  6.288881E-01
0011  6.135268E-01
0012  5.995030E-01
0013  5.866024E-01
0014  5.746583E-01
0015  5.635386E-01
0016  5.531368E-01
0017  5.433658E-01
0018  5.341535E-01
0019  5.254393E-01
0020  5.171723E-01
0021  5.093087E-01
0022  5.018110E-01
0023  4.946466E-01
0024  4.877872E-01
0025  4.812079E-01
0026  4.748866E-01
0027  4.688039E-01
0028  4.629425E-01
0029  4.572867E-01
0030  4.518228E-01
0031  4.465380E-01
0032  4.414210E-01
0033  4.364614E-01
0034  4.316500E-01
0035  4.269780E-01
0036  4.224377E-01
0037  4.180217E-01
0038  4.137235E-01
0039  4.095370E-01
0040  4.054565E-01
0041  4.014768E-01
0042  3.975929E-01
0043  3.938005E-01
0044  3.900952E-01
0045  3.864732E-01
0046  3.829308E-01
0047  3.794646E-01
0048  3.760714E-01
0049  3.727482E-01
0050  3.694920E-01
0051  3.663004E-01
0052  3.631708E-01
0053  3.601007E-01
0054  3.570881E-01
0055  3.541307E-01
0056  3.512267E-01
0057  3.483740E-01
0058  3.455709E-01
0059  3.428158E-01
0060  3.401069E-01
0061  3.374429E-01
0062  3.348222E-01
0063  3.322433E-01
0064  3.297052E-01
0065  3.272063E-01
0066  3.247456E-01
0067  3.223219E-01
0068  3.199342E-01
0069  3.175813E-01
0070  3.152622E-01
0071  3.129760E-01
0072  3.107218E-01
0073  3.084988E-01
0074  3.063059E-01
0075  3.041425E-01
0076  3.020077E-01
0077  2.999009E-01
0078  2.978212E-01
0079  2.957680E-01
0080  2.937407E-01
0081  2.917385E-01
0082  2.897609E-01
0083  2.878073E-01
0084  2.858771E-01
0085  2.839697E-01
0086  2.820846E-01
0087  2.802214E-01
0088  2.783794E-01
0089  2.765582E-01
0090  2.747574E-01
0091  2.729765E-01
0092  2.712150E-01
0093  2.694726E-01
0094  2.677488E-01
0095  2.660433E-01
0096  2.643556E-01
0097  2.626854E-01
0098  2.610323E-01
0099  2.593961E-01
0100  2.577762E-01
0101  2.561725E-01
0102  2.545846E-01
0103  2.530122E-01
0104  2.514550E-01
0105  2.499126E-01
0106  2.483849E-01
0107  2.468716E-01
0108  2.453723E-01
0109  2.438868E-01
0110  2.424149E-01
0111  2.409563E-01
0112  2.395108E-01
0113  2.380782E-01
0114  2.366582E-01
0115  2.352506E-01
0116  2.338551E-01
0117  2.324717E-01
0118  2.311000E-01
0119  2.297399E-01
0120  2.283911E-01
0121  2.270536E-01
0122  2.257271E-01
0123  2.244114E-01
0124  2.231063E-01
0125  2.218118E-01
0126  2.205275E-01
0127  2.192534E-01
0128  2.179893E-01
0129  2.167351E-01
0130  2.154905E-01
0131  2.142555E-01
0132  2.130298E-01
0133  2.118134E-01
0134  2.106061E-01
0135  2.094078E-01
0136  2.082184E-01
0137  2.070376E-01
0138  2.058655E-01
0139  2.047017E-01
0140  2.035464E-01
0141  2.023993E-01
0142  2.012602E-01
0143  2.001292E-01
0144  1.990060E-01
0145  1.978907E-01
0146  1.967829E-01
0147  1.956828E-01
0148  1.945901E-01
0149  1.935048E-01
0150  1.924267E-01
0151  1.913558E-01
0152  1.902919E-01
0153  1.892351E-01
0154  1.881851E-01
0155  1.871419E-01
0156  1.861054E-01
0157  1.850756E-01
0158  1.840522E-01
0159  1.830354E-01
0160  1.820249E-01
0161  1.810207E-01
0162  1.800227E-01
0163  1.790309E-01
0164  1.780451E-01
0165  1.770654E-01
0166  1.760915E-01
0167  1.751235E-01
0168  1.741613E-01
0169  1.732048E-01
0170  1.722539E-01
0171  1.713086E-01
0172  1.703688E-01
0173  1.694345E-01
0174  1.685056E-01
0175  1.675819E-01
0176  1.666636E-01
0177  1.657504E-01
0178  1.648424E-01
0179  1.639395E-01
0180  1.630416E-01
0181  1.621487E-01
0182  1.612607E-01
0183  1.603775E-01
0184  1.594992E-01
0185  1.586256E-01
0186  1.577568E-01
0187  1.568926E-01
0188  1.560330E-01
0189  1.551780E-01
0190  1.543275E-01
0191  1.534814E-01
0192  1.526398E-01
0193  1.518025E-01
0194  1.509696E-01
0195  1.501410E-01
0196  1.493165E-01
0197  1.484963E-01
0198  1.476803E-01
0199  1.468683E-01
0200  1.460604E-01
0201  1.452566E-01
0202  1.444567E-01
0203  1.436608E-01
0204  1.428688E-01
0205  1.420807E-01
0206  1.412964E-01
0207  1.405159E-01
0208  1.397392E-01
0209  1.389662E-01
0210  1.381968E-01
0211  1.374312E-01
0212  1.366691E-01
0213  1.359107E-01
0214  1.351558E-01
0215  1.344044E-01
0216  1.336565E-01
0217  1.329120E-01
0218  1.321710E-01
0219  1.314334E-01
0220  1.306991E-01
0221  1.299682E-01
0222  1.292405E-01
0223  1.285162E-01
0224  1.277950E-01
0225  1.270771E-01
0226  1.263624E-01
0227  1.256508E-01
0228  1.249424E-01
0229  1.242370E-01
0230  1.235347E-01
0231  1.228355E-01
0232  1.221393E-01
0233  1.214461E-01
0234  1.207559E-01
0235  1.200685E-01
0236  1.193842E-01
0237  1.187027E-01
0238  1.180241E-01
0239  1.173483E-01
0240  1.166753E-01
0241  1.160052E-01
0242  1.153378E-01
0243  1.146732E-01
0244  1.140113E-01
0245  1.133521E-01
0246  1.126956E-01
0247  1.120417E-01
0248  1.113905E-01
0249  1.107420E-01
0250  1.100960E-01
0251  1.094526E-01
0252  1.088117E-01
0253  1.081734E-01
0254  1.075376E-01
0255  1.069044E-01
0256  1.062735E-01
0257  1.056452E-01
0258  1.050193E-01
0259  1.043958E-01
0260  1.037747E-01
0261  1.031560E-01
0262  1.025397E-01
0263  1.019257E-01
0264  1.013140E-01
0265  1.007047E-01
0266  1.000976E-01
0267  9.949285E-02
0268  9.889033E-02
0269  9.829006E-02
0270  9.769202E-02
0271  9.709619E-02
0272  9.650256E-02
0273  9.591110E-02
0274  9.532181E-02
0275  9.473466E-02
0276  9.414964E-02
0277  9.356674E-02
0278  9.298594E-02
0279  9.240723E-02
0280  9.183058E-02
0281  9.125600E-02
0282  9.068345E-02
0283  9.011293E-02
0284  8.954442E-02
0285  8.897791E-02
0286  8.841338E-02
0287  8.785083E-02
0288  8.729023E-02
0289  8.673158E-02
0290  8.617485E-02
0291  8.562004E-02
0292  8.506714E-02
0293  8.451612E-02
0294  8.396698E-02
0295  8.341971E-02
0296  8.287429E-02
0297  8.233071E-02
0298  8.178895E-02
0299  8.124901E-02
0300  8.071088E-02
0301  8.017453E-02
0302  7.963996E-02
0303  7.910716E-02
0304  7.857612E-02
0305  7.804682E-02
0306  7.751925E-02
0307  7.699340E-02
0308  7.646927E-02
0309  7.594683E-02
0310  7.542608E-02
0311  7.490701E-02
0312  7.438960E-02
0313  7.387385E-02
0314  7.335975E-02
0315  7.284727E-02
0316  7.233643E-02
0317  7.182720E-02
0318  7.131957E-02
0319  7.081353E-02
0320  7.030908E-02
0321  6.980621E-02
0322  6.930489E-02
0323  6.880514E-02
0324  6.830692E-02
0325  6.781024E-02
0326  6.731509E-02
0327  6.682146E-02
0328  6.632933E-02
0329  6.583870E-02
0330  6.534956E-02
0331  6.486190E-02
0332  6.437571E-02
0333  6.389098E-02
0334  6.340771E-02
0335  6.292588E-02
0336  6.244548E-02
0337  6.196652E-02
0338  6.148897E-02
0339  6.101283E-02
0340  6.053810E-02
0341  6.006476E-02
0342  5.959281E-02
0343  5.912223E-02
0344  5.865303E-02
0345  5.818519E-02
0346  5.771870E-02
0347  5.725355E-02
0348  5.678975E-02
0349  5.632728E-02
0350  5.586613E-02
0351  5.540629E-02
0352  5.494777E-02
0353  5.449054E-02
0354  5.403461E-02
0355  5.357996E-02
0356  5.312660E-02
0357  5.267450E-02
0358  5.222367E-02
0359  5.177410E-02
0360  5.132577E-02
0361  5.087870E-02
0362  5.043285E-02
0363  4.998824E-02
0364  4.954485E-02
0365  4.910268E-02
0366  4.866172E-02
0367  4.822196E-02
0368  4.778339E-02
0369  4.734602E-02
0370  4.690983E-02
0371  4.647482E-02
0372  4.604098E-02
0373  4.560830E-02
0374  4.517678E-02
0375  4.474642E-02
0376  4.431720E-02
0377  4.388912E-02
0378  4.346217E-02
0379  4.303636E-02
0380  4.261166E-02
0381  4.218808E-02
0382  4.176561E-02
0383  4.134425E-02
0384  4.092398E-02
0385  4.050481E-02
0386  4.008672E-02
0387  3.966972E-02
0388  3.925379E-02
0389  3.883894E-02
0390  3.842514E-02
0391  3.801241E-02
0392  3.760073E-02
0393  3.719010E-02
0394  3.678052E-02
0395  3.637197E-02
0396  3.596446E-02
0397  3.555797E-02
0398  3.515251E-02
0399  3.474806E-02
0400  3.434463E-02
0401  3.394220E-02
0402  3.354077E-02
0403  3.314035E-02
0404  3.274091E-02
0405  3.234247E-02
0406  3.194500E-02
0407  3.154851E-02
0408  3.115300E-02
0409  3.075845E-02
0410  3.036487E-02
0411  2.997225E-02
0412  2.958058E-02
0413  2.918986E-02
0414  2.880008E-02
0415  2.841125E-02
0416  2.802335E-02
0417  2.763638E-02
0418  2.725034E-02
0419  2.686523E-02
0420  2.648103E-02
0421  2.609774E-02
0422  2.571536E-02
0423  2.533389E-02
0424  2.495332E-02
0425  2.457364E-02
0426  2.419486E-02
0427  2.381697E-02
0428  2.343996E-02
0429  2.306383E-02
0430  2.268857E-02
0431  2.231419E-02
0432  2.194067E-02
0433  2.156802E-02
0434  2.119623E-02
0435  2.082529E-02
0436  2.045521E-02
0437  2.008597E-02
0438  1.971758E-02
0439  1.935003E-02
0440  1.898331E-02
0441  1.861742E-02
0442  1.825237E-02
0443  1.788814E-02
0444  1.752473E-02
0445  1.716214E-02
0446  1.680036E-02
0447  1.643939E-02
0448  1.607923E-02
0449  1.571988E-02
0450  1.536132E-02
0451  1.500355E-02
0452  1.464659E-02
0453  1.429040E-02
0454  1.393501E-02
0455  1.358039E-02
0456  1.322656E-02
0457  1.287350E-02
0458  1.252121E-02
0459  1.216969E-02
0460  1.181894E-02
0461  1.146894E-02
0462  1.111971E-02
0463  1.077123E-02
0464  1.042350E-02
0465  1.007652E-02
0466  9.730287E-03
0467  9.384795E-03
0468  9.040043E-03
0469  8.696026E-03
0470  8.352742E-03
0471  8.010187E-03
0472  7.668359E-03
0473  7.327255E-03
0474  6.986870E-03
0475  6.647204E-03
0476  6.308251E-03
0477  5.970010E-03
0478  5.632477E-03
0479  5.295650E-03
0480  4.959525E-03
0481  4.624100E-03
0482  4.289371E-03
0483  3.955336E-03
0484  3.621992E-03
0485  3.289335E-03
0486  2.957364E-03
0487  2.626076E-03
0488  2.295467E-03
0489  1.965535E-03
0490  1.636276E-03
0491  1.307689E-03
0492  9.797711E-04
0493  6.525185E-04
0494  3.259290E-04
0495  0.000000E+00
