  :GridWeights
    :NumberHRUs 1098
    :NumberGridCells 1938
    #[HRU ID] [Cell #] [w_kl]
1 1776 0.448746615
1 1777 0.276152822
1 1833 0.164276015
1 1834 0.110824548
2 1776 0.141913792
2 1777 0.858086208
3 1777 1
4 1719 0.178456244
4 1720 0.040803271
4 1776 0.362855687
4 1777 0.417884798
5 1719 0.757281572
5 1776 0.242718428
8 1661 0.247250154
8 1718 0.695737769
8 1719 0.055197992
8 1775 0.001814084
9 1718 0.405571425
9 1719 0.322042521
9 1775 0.009394006
9 1776 0.262992049
15 1489 0.032968867
15 1490 0.041210043
15 1491 0.049860845
15 1546 0.046281798
15 1547 0.501637198
15 1548 0.203461571
15 1604 0.124579678
16 1548 0.267160872
16 1549 0.002592049
16 1605 0.387301989
16 1606 0.342945091
20 1547 0.003818949
20 1548 0.041943988
20 1604 0.164219115
20 1605 0.247631196
20 1606 0.066845348
20 1660 0.000219429
20 1661 0.19019587
20 1662 0.171103561
20 1663 0.114022544
21 1662 0.128833632
21 1663 0.070673884
21 1719 0.141639141
21 1720 0.413032666
21 1721 0.052586083
21 1777 0.137687693
21 1778 0.0555469
22 1660 0.370277296
22 1661 0.223341969
22 1717 0.263698339
22 1718 0.142682396
23 1601 0.025994274
23 1602 0.279878062
23 1603 0.051602408
23 1658 0.011740659
23 1659 0.359873246
23 1660 0.202942944
23 1716 0.004770455
23 1717 0.063197952
24 1544 1
28 1544 0.99996782
28 1545 3.22e-05
29 1544 0.009412977
29 1545 0.423186899
29 1546 0.020312278
29 1602 0.514862969
29 1603 0.032224877
31 1546 0.410923022
31 1603 0.589076978
34 1546 0.535077077
34 1547 0.00526397
34 1603 0.328071425
34 1604 0.131587529
37 1546 0.051783475
37 1602 0.000644462
37 1603 0.515054343
37 1604 0.089797175
37 1660 0.296434043
37 1661 0.046286503
39 1544 0.691148278
39 1545 0.308851722
40 1544 0.000408738
40 1545 0.999591262
44 1488 0.09524457
44 1489 0.1877415
44 1545 0.331342493
44 1546 0.385671438
45 1488 0.000412344
45 1545 0.807900536
45 1546 0.19168712
52 1486 0.007246093
52 1487 0.595757595
52 1488 0.228068453
52 1544 0.152165435
52 1545 0.016762425
53 1487 0.002264714
53 1488 0.322848861
53 1545 0.674886426
67 1431 0.097126111
67 1487 0.077676836
67 1488 0.492431786
67 1489 0.265533249
67 1545 0.058933078
67 1546 0.00829894
70 1430 0.766150456
70 1431 0.233849544
75 1429 0.130811275
75 1430 0.048481661
75 1486 0.199777106
75 1487 0.620929959
76 1429 0.256651596
76 1430 0.743348404
77 1429 0.029839946
77 1430 0.507772588
77 1431 0.119889193
77 1486 5.8e-05
77 1487 0.280135328
77 1488 0.062304901
82 1429 0.13293173
82 1486 0.262102262
82 1487 0.604966009
87 1485 0.003950816
87 1486 0.964207022
87 1542 0.000369467
87 1543 0.031472694
97 1485 1
99 1543 1
100 1429 0.051245643
100 1485 0.740798675
100 1486 0.134782784
100 1542 0.073172898
101 1429 0.013097791
101 1485 0.009436513
101 1486 0.43769934
101 1487 0.080153755
101 1542 0.017614251
101 1543 0.40294057
101 1544 0.03905778
105 1486 1
109 1428 0.029408933
109 1429 0.579461096
109 1485 0.2263184
109 1486 0.164811571
110 1428 0.000570801
110 1429 0.579184871
110 1486 0.420244328
116 1372 0.87427153
116 1428 0.12572847
117 1371 0.063349485
117 1372 0.232310739
117 1428 0.171970711
117 1429 0.532369065
118 1371 0.021974656
118 1428 0.78847285
118 1429 0.189552494
120 1371 0.977015245
120 1428 0.022984755
126 1256 0.120765559
126 1257 0.879234441
131 1256 0.356078183
131 1257 0.351175207
131 1313 0.089548067
131 1314 0.203198543
133 1314 0.990618899
133 1371 0.009381101
136 1370 0.587012261
136 1371 0.412987739
137 1256 0.224873381
137 1257 0.198768351
137 1313 0.04604943
137 1314 0.276575137
137 1370 0.12003481
137 1371 0.133698891
138 1256 0.063441368
138 1257 0.139565744
138 1314 0.446779734
138 1370 0.031802901
138 1371 0.318410253
139 1314 0.514033113
139 1371 0.396765571
139 1372 0.089201315
140 1314 0.241807098
140 1371 0.750097647
140 1372 0.008095254
141 1314 0.018595783
141 1371 0.981404217
146 1370 1
148 1369 0.076881347
148 1370 0.923118653
150 1369 0.020588534
150 1370 0.845334687
150 1371 0.134076779
152 1370 0.892577648
152 1371 0.107422352
153 1370 0.799238843
153 1371 0.200761157
154 1370 0.27358665
154 1371 0.524397493
154 1428 0.202015857
155 1371 0.354158454
155 1428 0.645841546
156 1371 0.143722688
156 1428 0.856277312
158 1544 0.7195492
158 1601 0.2804508
159 1544 0.022036339
159 1545 0.060512698
159 1601 0.136986492
159 1602 0.780464471
161 1543 0.344391621
161 1544 0.655608379
163 1543 1
166 1543 0.128393866
166 1544 0.52653517
166 1601 0.345070964
167 1601 0.871793876
167 1602 0.128206124
201 1256 0.847794122
201 1313 0.141293019
201 1314 0.010912859
207 1312 0.387060108
207 1313 0.612939892
208 1255 0.130474041
208 1311 0.050027119
208 1312 0.437342484
208 1313 0.382156356
215 1311 0.369552361
215 1312 0.591975391
215 1369 0.038472248
233 1312 0.06838277
233 1313 0.208090703
233 1369 0.334435058
233 1370 0.382009898
233 1371 0.00708157
234 1255 0.082649054
234 1256 0.162785648
234 1311 0.04225533
234 1312 0.320648724
234 1313 0.18103977
234 1314 0.001277935
234 1369 0.116161126
234 1370 0.089839165
234 1371 0.003343248
235 1255 0.077402299
235 1256 0.167104734
235 1311 0.026183872
235 1312 0.332052268
235 1313 0.24404061
235 1314 0.017576953
235 1369 0.070467183
235 1370 0.054085943
235 1371 0.011086138
236 1255 0.079399319
236 1256 0.131543306
236 1311 0.018259493
236 1312 0.334872268
236 1313 0.298907981
236 1314 0.071128161
236 1369 0.031260485
236 1370 0.003883461
236 1371 0.030745526
237 1255 0.020015386
237 1256 0.045758387
237 1312 0.294811812
237 1313 0.404492719
237 1314 0.204966584
237 1369 0.003377079
237 1371 0.026578035
238 1312 0.092917421
238 1313 0.482937952
238 1314 0.313302869
238 1371 0.110841758
239 1371 0.912470864
239 1428 0.087529136
240 1371 0.02054152
240 1428 0.97945848
251 1541 0.262182095
251 1542 0.737817905
257 1543 1
260 1542 0.971669949
260 1599 0.028330051
263 1542 0.187602537
263 1543 0.271229653
263 1544 0.079505243
263 1599 0.027354093
263 1600 0.342132441
263 1601 0.092176033
270 1369 0.408381884
270 1370 0.591618116
271 1369 0.290931368
271 1370 0.709068632
274 1426 0.052350527
274 1427 0.947649473
275 1426 0.038626065
275 1427 0.961373935
276 1369 0.154349517
276 1370 0.46889215
276 1426 0.005451825
276 1427 0.371306508
277 1369 0.102765034
277 1370 0.549182259
277 1371 6.19e-05
277 1427 0.34799081
278 1370 0.460134794
278 1371 0.044566735
278 1427 0.404730998
278 1428 0.090567474
279 1370 0.23642268
279 1427 0.66243217
279 1428 0.101145149
280 1601 1
297 1427 0.920996209
297 1428 0.025361081
297 1484 0.05364271
301 1426 0.058017181
301 1427 0.73453802
301 1428 0.036945844
301 1484 0.170498956
306 1426 0.060145543
306 1427 0.495181006
306 1428 0.144390135
306 1484 0.285535405
306 1485 0.014747912
307 1426 0.002907934
307 1427 0.411837588
307 1428 0.173590848
307 1484 0.287111348
307 1485 0.124552283
308 1427 0.17200879
308 1428 0.454712354
308 1484 0.039807042
308 1485 0.333471813
309 1428 0.816464978
309 1485 0.183535022
311 1776 0.882160466
311 1777 0.117839534
313 1662 0.171841883
313 1719 0.828158117
314 1717 0.325618924
314 1718 0.146660752
314 1774 0.12764257
314 1775 0.400077754
317 1427 1
318 1427 1
319 1426 0.001048777
319 1427 0.998951223
320 1426 0.346614925
320 1427 0.653385075
321 1426 0.425368352
321 1427 0.574631648
324 1369 0.35954843
324 1426 0.64045157
329 1426 1
334 1426 1
335 1426 1
336 1426 0.977557116
336 1427 0.022442884
337 1369 0.024567004
337 1426 0.966047769
337 1427 0.009385227
338 1426 0.99520691
338 1427 0.00479309
339 1426 1
340 1426 1
342 1489 0.061756178
342 1546 0.938243822
343 1546 1
349 1484 1
350 1484 0.857542926
350 1485 0.142457074
351 1484 0.621234429
351 1485 0.378765571
357 1484 0.329850376
357 1485 0.434218926
357 1541 0.156771162
357 1542 0.079159536
358 1484 0.0256334
358 1485 0.485791111
358 1541 0.040860894
358 1542 0.447714596
363 1369 1
365 1369 1
367 1369 0.849241144
367 1426 0.150758856
368 1369 0.679056072
368 1370 0.038117454
368 1426 0.282826474
369 1369 0.84229771
369 1370 0.048183344
369 1426 0.109518946
370 1369 0.925008152
370 1370 0.042674527
370 1426 0.032317322
371 1369 0.862567796
371 1370 0.077899463
371 1426 0.059532742
372 1369 0.846391089
372 1370 0.039989228
372 1426 0.07872643
372 1427 0.034893252
373 1717 0.48462705
373 1774 0.490205813
373 1775 0.025167137
378 1369 1
383 1369 1
385 1369 1
386 1369 1
387 1369 1
388 1369 1
389 1369 1
390 1369 1
393 282 1
398 223 0.172743956
398 224 0.259127288
398 280 0.013236841
398 281 0.485063287
398 282 0.036743112
398 338 0.032651659
398 339 0.000433856
399 282 0.051477584
399 338 0.627659975
399 339 0.320862441
400 221 0.03928719
400 222 0.138020538
400 223 0.105107018
400 278 0.065416506
400 279 0.320650879
400 280 0.136098372
400 336 0.13122672
400 337 0.064192777
401 278 0.546199105
401 279 0.026630899
401 335 0.264457581
401 336 0.162712416
402 278 0.106854627
402 335 0.893145373
403 278 0.959648847
403 279 0.040351153
404 334 0.046723126
404 335 0.368116533
404 392 0.460568327
404 449 0.124592014
406 276 0.111521237
406 277 0.230077499
406 278 0.062407327
406 332 0.049648254
406 333 0.308409541
406 334 0.199522986
406 335 0.038413156
407 334 0.046753641
407 335 0.002003508
407 391 0.498571674
407 392 0.424223865
407 448 0.001490811
407 449 0.026956501
409 390 0.248047424
409 391 0.259931899
409 446 0.001588256
409 447 0.196669862
409 448 0.293762559
410 446 0.999979341
410 447 2.07e-05
411 446 0.171132943
411 447 0.580604514
411 448 0.033926332
411 503 0.018895955
411 504 0.178732123
411 505 0.016708133
412 503 0.643656584
412 504 0.356343416
413 446 0.844307764
413 503 0.155692236
414 446 0.147830146
414 502 0.001767907
414 503 0.850401947
415 502 0.086435396
415 503 0.518526527
415 504 0.032152306
415 559 0.069197321
415 560 0.29368845
416 559 0.018315011
416 560 0.764626137
416 617 0.217058852
417 558 0.025532691
417 559 0.493805235
417 560 0.006381577
417 615 0.052275481
417 616 0.399907128
417 673 0.022097888
418 673 1
419 615 1
422 558 0.034083078
422 613 0.118355606
422 614 0.364429191
422 615 0.105151206
422 670 0.14561555
422 671 0.217618457
422 727 0.013978161
422 728 0.000768751
423 670 0.206648032
423 727 0.793351968
425 613 0.990065648
425 670 0.009934352
427 612 1
432 555 0.166617958
432 556 0.126810105
432 612 0.239954966
432 613 0.466616971
435 440 0.384208413
435 497 0.615791587
436 440 7.28e-05
436 497 0.285958856
436 498 0.128306338
436 554 0.211034088
436 555 0.357860293
436 556 0.016767629
437 554 1
440 495 0.130128034
440 496 0.182869256
440 497 0.013790907
440 551 0.000120784
440 552 0.240302324
440 553 0.258949239
440 554 0.109243182
440 609 0.042033415
440 610 0.022562857
441 553 0.159653568
441 554 0.132354255
441 609 0.075241503
441 610 0.569864105
441 611 0.06288657
443 551 0.374757289
443 552 0.226382864
443 608 0.180258425
443 609 0.218601421
446 617 1
447 559 0.095950537
447 560 0.035430701
447 616 0.391054868
447 617 0.284260667
447 673 0.074488628
447 674 0.118814599
448 616 0.009439731
448 673 0.745962746
448 674 0.068726973
448 730 0.17587055
449 608 1
452 550 0.028728395
452 551 0.053547768
452 607 0.235624658
452 608 0.560691107
452 665 0.121408073
453 607 0.479924637
453 608 0.12048994
453 664 0.224871761
453 665 0.174713662
454 606 0.140255135
454 607 0.248947562
454 663 0.062138628
454 664 0.548658675
455 663 0.444333441
455 664 0.054739636
455 720 0.487081801
455 777 0.013845121
456 719 0.001728341
456 720 0.087421227
456 776 0.300949096
456 777 0.442804629
456 833 0.156058639
456 834 0.011038068
457 617 0.233678481
457 618 0.074446213
457 674 0.554728166
457 675 0.13714714
460 617 0.021188308
460 674 0.517596809
460 675 0.157237282
460 731 0.270358712
460 732 0.033618889
461 673 0.005637656
461 674 0.069970582
461 730 0.19637497
461 731 0.595058249
461 732 0.083531483
461 787 0.048803832
461 788 0.000623228
464 661 0.001788568
464 662 0.309936612
464 663 0.102434048
464 718 0.039563227
464 719 0.506438305
464 720 0.025599627
464 776 0.014239613
465 663 1
466 663 0.016893484
466 719 0.301691549
466 720 0.240980331
466 776 0.436781149
466 833 0.003653487
468 661 0.08115281
468 662 0.005337671
468 717 0.002438676
468 718 0.877389235
468 719 0.033681608
469 717 0.701403257
469 718 0.298596743
475 717 0.109168821
475 718 0.209577555
475 719 0.054654026
475 774 0.152128375
475 775 0.366737848
475 776 0.103489473
475 832 0.004243902
477 716 0.002400827
477 717 0.008580173
477 773 0.180533717
477 774 0.808485283
478 716 0.892366667
478 717 0.047386311
478 773 0.043982496
478 774 0.016264526
479 773 0.420685172
479 774 0.579314828
480 773 0.833925338
480 774 0.166074662
486 773 0.056282621
486 828 0.075738874
486 829 0.419436743
486 830 0.328202239
486 885 0.103739428
486 886 0.016600094
487 827 0.003251655
487 828 0.069525667
487 829 0.054498121
487 830 0.073219138
487 883 0.018765684
487 884 0.370313181
487 885 0.11271829
487 886 0.297130325
487 887 0.000577939
493 731 0.005817715
493 732 0.025908134
493 787 0.000410437
493 788 0.196155455
493 789 0.151818207
493 844 0.007890865
493 845 0.442751622
493 846 0.108322801
493 902 0.060924764
494 772 0.211409805
494 773 0.626786514
494 829 0.156904911
494 830 0.004898771
495 772 1
497 771 0.075981694
497 772 0.145779254
497 828 0.357732592
497 829 0.420506461
498 771 0.442161219
498 772 0.380519175
498 828 0.177319606
499 656 0.271451156
499 713 0.728548844
500 713 0.957917371
500 714 0.009107168
500 770 0.02347694
500 771 0.009498521
504 770 0.088220891
504 771 0.022031771
504 827 0.319924957
504 828 0.56982238
505 713 0.12867929
505 770 0.509882387
505 771 0.073303603
505 827 0.178264079
505 828 0.097809775
505 884 0.012060865
506 827 1
509 827 1
510 827 0.989850976
510 884 0.010149024
513 826 0.748791939
513 827 0.251208061
514 826 0.210039883
514 827 0.35859286
514 883 0.139554874
514 884 0.291812383
517 825 0.012306674
517 826 0.541708788
517 882 0.176599903
517 883 0.269384635
518 824 0.054148524
518 825 0.256824987
518 826 0.073217964
518 881 0.032458908
518 882 0.090187636
518 883 0.492976479
518 884 6.98e-05
518 940 0.000115663
524 882 0.555177185
524 938 0.062396326
524 939 0.351026482
524 995 0.028158094
524 996 0.003241913
525 881 0.018402451
525 882 0.203615255
525 883 0.053103878
525 938 0.01711219
525 939 0.265517502
525 940 0.147490695
525 995 0.003408455
525 996 0.208743008
525 997 0.082606567
527 223 0.022665651
527 280 0.42931155
527 281 0.100534461
527 337 0.330027193
527 338 0.117461144
531 938 0.101607593
531 995 0.551427677
531 996 0.040633131
531 1052 0.271262592
531 1053 0.035069008
541 937 9.09e-06
541 938 0.026688072
541 993 0.000946347
541 994 0.060136924
541 995 0.06974615
541 996 0.038119764
541 997 0.01215568
541 1050 0.016749571
541 1051 0.086774551
541 1052 0.077659066
541 1053 0.080324065
541 1054 0.022550688
541 1107 0.037405073
541 1108 0.085892256
541 1109 0.083938842
541 1110 0.023895148
541 1164 0.016354096
541 1165 0.067302358
541 1166 0.035604663
541 1220 0.000154793
541 1221 0.025915998
541 1222 0.059083806
541 1277 0.020754467
541 1278 0.038147744
541 1279 0.013690787
544 845 0.057525152
544 846 0.116833228
544 902 0.301939277
544 903 0.390833208
544 959 0.003635721
544 960 0.129233414
545 504 1
546 561 0.098562587
546 618 0.901437413
547 504 0.364828905
547 505 0.000904958
547 561 0.550101419
547 562 0.005296292
547 618 0.078868426
550 505 0.928044139
550 562 0.071955861
551 447 0.000562983
551 448 0.25272529
551 504 0.020212938
551 505 0.495328188
551 506 0.01094197
551 561 0.020955986
551 562 0.199272645
552 505 0.301154541
552 506 0.227703264
552 562 0.296928891
552 563 0.174213304
554 612 0.397765482
554 613 0.286363502
554 669 0.239394992
554 670 0.076476023
555 612 0.626090809
555 669 0.186562086
555 670 0.187347105
556 959 1
557 959 1
559 958 1
560 902 0.000784147
560 958 0.69604143
560 959 0.268496088
560 1015 0.034678335
561 901 0.104232328
561 902 0.022151067
561 958 0.453132489
561 959 0.166135076
561 1015 0.021239685
561 1016 0.232458561
561 1073 0.000650795
563 775 0.011466968
563 831 0.615905565
563 832 0.242004201
563 888 0.076636824
563 889 0.053986443
569 667 0.006339882
569 668 0.140168809
569 669 0.163858023
569 724 0.030919798
569 725 0.38301438
569 726 0.137031278
569 782 0.110189522
569 783 0.028478308
573 618 0.991054348
573 675 0.008945652
574 618 0.131040341
574 619 0.298270136
574 675 0.055420715
574 676 0.515268808
575 561 0.108394224
575 562 0.002578418
575 618 0.412175207
575 619 0.234764896
575 675 0.173341839
575 676 0.068745415
580 958 0.097652714
580 1014 0.439057849
580 1015 0.463289437
581 1073 0.924474589
581 1130 0.075525411
583 957 0.041367834
583 958 0.049118934
583 1014 0.172277865
583 1015 0.342470528
583 1016 0.000139442
583 1072 0.119866566
583 1073 0.256743274
583 1130 0.018015556
584 830 0.116974739
584 831 0.090369004
584 887 0.550539596
584 888 0.098665294
584 944 0.143451367
585 944 1
586 773 0.161322385
586 774 0.269371906
586 830 0.507917965
586 831 0.061064804
586 887 0.000322939
587 830 1
588 337 0.260974875
588 338 0.045185791
588 394 0.524914508
588 395 0.168924826
592 956 0.654009834
592 1013 0.345990166
593 1014 0.68756756
593 1071 0.31243244
594 955 0.016297857
594 956 0.186425432
594 957 0.050916306
594 1012 0.086987076
594 1013 0.439745017
594 1014 0.164428694
594 1070 0.038502056
594 1071 0.016697563
596 1070 0.013988062
596 1071 0.985001743
596 1127 4.02e-05
596 1128 0.00097001
597 1013 0.003927245
597 1070 0.567619468
597 1071 0.34833653
597 1127 0.00156996
597 1128 0.078546797
600 830 0.069912753
600 886 0.510609842
600 887 0.295473826
600 943 0.123600086
600 944 0.000403493
601 1013 0.007013666
601 1069 0.00127641
601 1070 0.223390245
601 1126 0.042533958
601 1127 0.402372919
601 1128 0.104244924
601 1184 0.152942694
601 1185 0.066225183
602 1164 0.238584803
602 1165 0.385883951
602 1221 0.362684011
602 1222 0.012847236
603 1220 0.580898609
603 1221 0.418698521
603 1277 0.00040287
604 1164 0.259887661
604 1165 0.00061546
604 1220 0.047067846
604 1221 0.638358895
604 1277 0.005061512
604 1278 0.049008626
605 725 0.823013203
605 782 0.176986797
606 724 0.007576924
606 725 0.339687976
606 782 0.646984534
606 783 0.005750566
621 1163 0.02211006
621 1164 0.037677795
621 1219 0.009175033
621 1220 0.293637706
621 1221 0.029497564
621 1276 0.344073086
621 1277 0.263828756
622 1219 0.422523786
622 1220 0.117131217
622 1275 0.022571207
622 1276 0.395613067
622 1277 0.042160724
623 1125 0.075240106
623 1126 0.289877584
623 1127 0.058303994
623 1182 0.00138857
623 1183 0.191237656
623 1184 0.311460098
623 1240 0.002335088
623 1241 0.070156903
630 614 0.016580672
630 615 0.182262918
630 671 0.193820117
630 672 0.236236768
630 727 0.006929234
630 728 0.261240943
630 729 0.093377217
630 785 0.00955213
632 887 0.132477883
632 888 0.015357232
632 944 0.816555206
632 945 0.035609679
633 944 0.928761836
633 945 0.071238164
636 722 8.68e-05
636 723 0.062747644
636 724 0.023737106
636 725 0.000927243
636 778 0.006819246
636 779 0.110371838
636 780 0.166655434
636 781 0.163682495
636 782 0.031834766
636 835 0.002891804
636 836 0.024777164
636 837 0.098257973
636 838 0.127184945
636 839 0.112808643
636 840 0.002239362
636 896 0.05924741
636 897 0.005730145
638 394 0.39671138
638 451 0.483446415
638 508 0.119842205
639 393 0.000553795
639 394 0.036506589
639 395 6.58e-05
639 450 0.002735654
639 451 0.146026329
639 452 0.014676945
639 507 0.088512861
639 508 0.17345025
639 509 0.002143487
639 564 0.150489493
639 565 0.147626468
639 621 0.060015031
639 622 0.138977917
639 678 2.67e-05
639 679 0.038192623
642 887 0.036299235
642 943 0.583889866
642 944 0.368328769
642 1000 0.01148213
643 942 0.064450828
643 943 0.389299812
643 944 0.056224722
643 999 0.021829773
643 1000 0.308501574
643 1001 0.015355966
643 1057 0.144337325
644 676 1
645 675 0.255651109
645 676 0.616970253
645 732 0.125603445
645 733 0.001775193
655 1274 0.054847219
655 1275 0.341878543
655 1276 0.11325667
655 1331 0.189920443
655 1332 0.19798495
655 1333 0.102112175
656 1217 0.191918041
656 1218 0.216777454
656 1219 0.08709155
656 1274 0.221716294
656 1275 0.260141185
656 1276 0.022355476
682 1125 0.041165614
682 1182 0.260246268
682 1183 0.270952231
682 1239 0.177431895
682 1240 0.250203992
683 944 0.647908008
683 1001 0.352091992
684 944 0.027911131
684 1000 0.00799499
684 1001 0.209976862
684 1002 7.76e-05
684 1057 0.103129412
684 1058 0.192624411
684 1059 0.006817777
684 1113 0.002756626
684 1114 0.241584981
684 1115 0.008562297
684 1170 0.000387052
684 1171 0.173223086
684 1172 0.006709728
684 1228 0.018244077
685 1386 1
687 1330 0.032899939
687 1331 0.148164078
687 1332 0.001560818
687 1386 0.039478343
687 1387 0.218968801
687 1388 0.27867119
687 1389 0.000534617
687 1443 0.112149813
687 1444 0.1675724
688 1386 0.861807805
688 1387 0.138192195
689 1273 0.028805342
689 1330 0.54382157
689 1386 0.033327846
689 1387 0.394045242
690 1273 0.961781959
690 1330 0.038218041
697 676 0.249760085
697 677 0.009542213
697 733 0.501555465
697 734 0.227999857
697 790 0.01114238
698 733 0.562205676
698 790 0.437794324
703 1271 1
704 1271 1
705 1386 1
706 1328 0.270810211
706 1329 0.296448555
706 1330 0.023636075
706 1384 0.013446739
706 1385 0.178865366
706 1386 0.215169948
706 1387 0.001623107
707 1271 0.269534998
707 1328 0.729375005
707 1329 0.001089996
711 999 0.186676621
711 1000 0.177288277
711 1055 0.110320573
711 1056 0.24182699
711 1057 0.056612766
711 1111 0.026168175
711 1112 0.190819312
711 1113 0.008803553
711 1168 0.00094199
711 1169 0.000541744
716 1180 0.254562545
716 1181 0.283717518
716 1237 0.370626317
716 1238 0.09109362
717 1123 0.118753088
717 1124 0.177682947
717 1125 0.029565751
717 1180 0.091291572
717 1181 0.394046554
717 1182 0.183702359
717 1238 0.004773375
717 1239 0.000184354
718 502 0.745698268
718 503 0.254301732
719 502 0.670723115
719 503 0.329276885
720 502 0.859510648
720 559 0.140489352
721 1328 1
722 1327 0.269134794
722 1328 0.101689552
722 1384 0.623722891
722 1385 0.005452764
723 501 0.009223173
723 502 0.090979577
723 557 0.299755697
723 558 0.561187113
723 559 0.038854441
724 502 0.066925933
724 557 0.011446999
724 558 0.313128573
724 559 0.569895247
724 614 4.24e-05
724 615 0.038560895
732 727 0.019818608
732 728 0.00998283
732 784 0.318829692
732 785 0.010206554
732 840 0.002891079
732 841 0.245679827
732 842 0.105608957
732 897 0.004091309
732 898 0.087234909
732 899 0.195656234
736 1269 0.00336147
736 1325 0.043268721
736 1326 0.595808901
736 1327 0.064100662
736 1383 0.293187714
736 1384 2.59e-05
736 1440 0.000246617
737 500 0.190277981
737 501 0.809722019
738 500 0.267188284
738 501 0.177662931
738 557 0.44265419
738 558 0.112494595
739 1180 0.075887947
739 1237 0.891579023
739 1294 0.03253303
740 1179 0.159426556
740 1180 0.46097445
740 1236 0.107090133
740 1237 0.27187861
740 1293 0.00028305
740 1294 0.000347201
741 441 0.086283113
741 442 0.316358916
741 498 0.508610531
741 499 0.088747441
742 443 0.313526287
742 444 0.013937076
742 500 0.549837735
742 501 0.122698902
743 441 2.34e-06
743 442 0.124806807
743 443 0.13155159
743 498 0.006079159
743 499 0.24540734
743 500 0.465516095
743 557 0.026636668
748 394 0.104615207
748 395 0.395751301
748 452 0.499633492
749 394 0.00037359
749 395 0.138539878
749 396 6.72e-05
749 452 0.281350111
749 453 0.266119873
749 509 0.145266568
749 510 0.168200093
749 511 8.26e-05
750 615 0.316030842
750 616 0.113734987
750 672 0.192386111
750 673 0.35975518
750 729 0.016763499
750 730 0.001329381
751 672 0.114042967
751 673 0.251049867
751 729 0.059950065
751 730 0.531301827
751 787 0.043655274
752 1056 0.364547807
752 1057 0.269976709
752 1113 0.280295726
752 1114 0.085179757
754 733 0.016615294
754 734 0.639578607
754 790 0.000473796
754 791 0.343332304
755 734 0.618442819
755 791 0.381557181
757 1383 1
758 1381 0.064871511
758 1382 0.443262339
758 1383 0.088440884
758 1438 0.057944937
758 1439 0.345438314
758 1440 4.2e-05
759 561 0.084238577
759 562 0.850174872
759 619 0.06558655
760 835 0.07203371
760 836 0.151485932
760 837 0.075608487
760 838 0.043118992
760 839 0.016961261
760 892 0.003580146
760 893 0.110793936
760 894 0.164355764
760 895 0.165934701
760 896 0.064576991
760 950 0.003920968
760 951 0.084901908
760 952 0.042727204
761 712 1
763 768 0.399203603
763 769 0.115669099
763 825 0.061894253
763 826 0.423233045
764 711 0.025097297
764 712 0.154344187
764 767 0.016790042
764 768 0.158784789
764 769 0.157844565
764 824 0.109105979
764 825 0.354912819
764 826 0.023120322
770 944 0.426579007
770 945 0.540441962
770 1002 0.032979031
771 944 0.030216624
771 945 0.249160521
771 946 0.09124094
771 1001 0.058421707
771 1002 0.394730913
771 1003 0.000499875
771 1059 0.175729419
772 442 1
774 1177 0.003700408
774 1178 0.012090314
774 1179 0.017071273
774 1234 0.008531611
774 1235 0.334960054
774 1236 0.361135231
774 1237 0.003610972
774 1292 0.112465636
774 1293 0.146202755
774 1294 0.000231745
775 443 1
776 442 1
777 385 0.163554006
777 386 0.065077335
777 442 0.446741272
777 443 0.324627388
778 710 0.001030627
778 711 0.998969373
779 711 1
780 710 0.289285537
780 711 0.152519591
780 767 0.061027977
780 768 0.497166895
781 710 0.190430601
781 711 0.381829805
781 767 0.282536707
781 768 0.145202887
784 508 0.034228378
784 509 0.087087254
784 510 0.062040614
784 565 0.06180936
784 566 0.132184235
784 567 0.133973117
784 568 0.071885283
784 622 0.054526596
784 623 0.085627653
784 624 0.135429545
784 625 0.038783259
784 680 0.049003808
784 681 0.050643141
784 737 0.002777756
785 619 0.31711395
785 676 0.68288605
786 562 0.051407145
786 619 0.837232057
786 676 0.111360798
787 1380 0.848130195
787 1381 0.003987699
787 1437 0.135135878
787 1438 0.012746228
788 1494 0.920183816
788 1495 0.079816184
789 1380 0.000806023
789 1381 0.00029665
789 1437 0.336535887
789 1438 0.410969145
789 1439 0.078692817
789 1494 0.123936
789 1495 0.048763479
795 1234 0.034588424
795 1235 0.083358537
795 1291 0.013861281
795 1292 0.305648845
795 1293 0.276787377
795 1294 0.01221558
795 1349 0.146392038
795 1350 0.127147919
796 1348 0.01679053
796 1349 0.98320947
797 1112 0.005751076
797 1113 0.305857253
797 1114 0.000434314
797 1170 0.370513661
797 1171 0.100787196
797 1227 0.1378359
797 1228 0.078820599
798 385 0.580800233
798 386 0.419199767
799 385 0.442474293
799 386 0.557525707
800 1290 0.100951051
800 1291 0.814333392
800 1292 0.008553196
800 1347 0.076162361
801 1290 0.009499649
801 1291 0.512737076
801 1292 0.039785937
801 1347 0.158159508
801 1348 0.201935285
801 1349 0.077882545
802 1291 0.000294564
802 1347 0.072866099
802 1348 0.877898854
802 1349 0.048940483
805 709 0.010885081
805 710 0.011940881
805 765 0.064969082
805 766 0.223731477
805 767 0.145524587
805 822 0.104961317
805 823 0.181853051
805 824 0.17560511
805 880 0.04886279
805 881 0.031666625
806 734 0.214456745
806 791 0.771904738
806 792 0.013638517
807 734 0.415716188
807 735 0.19943653
807 791 0.142865538
807 792 0.241981743
808 385 0.278361865
808 386 0.721638135
810 1174 1
812 1058 0.075133585
812 1059 0.029436032
812 1114 0.005844273
812 1115 0.261574404
812 1116 0.189489511
812 1117 0.012638599
812 1172 0.090051768
812 1173 0.254829365
812 1174 0.034738022
812 1229 0.00977173
812 1230 0.036492711
823 384 0.093499347
823 440 0.377716849
823 441 0.490623261
823 497 0.038160542
824 326 0.014422649
824 381 0.000865063
824 382 0.103686039
824 383 0.172741282
824 384 0.038273026
824 438 0.091666915
824 439 0.188354647
824 440 0.161464939
824 441 0.016947476
824 495 0.039863719
824 496 0.0787093
824 497 0.093004946
829 328 0.214368846
829 329 0.735715895
829 385 0.014815225
829 386 0.035100035
830 1112 0.006525437
830 1113 0.738149905
830 1169 0.002250972
830 1170 0.253073687
831 791 0.879682686
831 792 0.120317314
832 791 0.351416969
832 792 0.014892217
832 848 0.633690814
837 384 0.99474808
837 441 0.00525192
838 271 0.013288009
838 327 0.206176195
838 328 0.395957625
838 384 0.327642578
838 385 0.056935592
839 502 1
840 501 0.984247672
840 558 0.015752328
842 445 0.000758445
842 501 0.350022448
842 502 0.50604325
842 558 0.143175857
845 271 0.015350195
845 272 0.352490027
845 328 0.17873039
845 329 0.453429388
854 655 0.483246566
854 656 0.320284399
854 712 0.16671078
854 713 0.029758254
855 655 0.142482224
855 656 0.131062778
855 712 0.359744366
855 713 0.362671788
855 770 0.004038844
861 769 0.179263845
861 770 0.002156763
861 826 0.549872929
861 827 0.268706463
862 712 0.14805373
862 713 0.019672866
862 769 0.595017423
862 770 0.230308442
862 826 0.000516518
862 827 0.006431021
863 328 1
866 444 0.215197301
866 445 0.440946272
866 501 0.311058232
866 502 0.032798195
867 270 0.074134653
867 271 0.11157822
867 326 0.036726009
867 327 0.657011669
867 328 0.111732201
867 384 0.008817249
870 1171 0.060491136
870 1172 0.209428804
870 1173 0.000203326
870 1227 3.55e-05
870 1228 0.231513324
870 1229 0.258384147
870 1284 0.01351093
870 1285 0.138611959
870 1286 0.087820872
871 163 0.035192788
871 164 0.030466104
871 220 0.248548545
871 221 0.270545687
871 276 0.068828193
871 277 0.202505028
871 278 0.143913656
872 1436 0.048465902
872 1437 0.539881048
872 1494 0.41165305
873 1347 1
874 1347 1
875 1347 0.687531455
875 1404 0.312468545
889 1492 0.271432532
889 1493 0.713907424
889 1549 0.003788754
889 1550 0.01087129
890 1434 0.002048589
890 1435 0.267490808
890 1436 0.229857661
890 1492 0.152886246
890 1493 0.347716696
893 790 0.46319369
893 791 0.099405683
893 847 0.437357788
893 848 4.28e-05
898 728 0.014472503
898 729 0.074440919
898 785 0.137288891
898 786 0.342719758
898 842 0.074023626
898 843 0.317905359
898 844 0.039148945
899 729 0.052424076
899 786 0.293280469
899 787 0.076186155
899 842 0.058212135
899 843 0.125747596
899 844 0.31849144
899 900 0.039162764
899 901 0.036495366
900 1002 0.949787822
900 1003 0.050212178
902 1436 0.752496393
902 1437 0.247503607
903 1289 0.038556786
903 1290 0.650014529
903 1291 0.046106519
903 1346 0.102401579
903 1347 0.162920587
904 1289 0.183201619
904 1346 0.816798381
905 1289 0.042030399
905 1290 1.16e-05
905 1346 0.584825508
905 1347 0.373132468
906 1346 0.51870979
906 1347 0.48129021
907 1378 0.986690714
907 1435 0.013309286
911 1378 0.007138037
911 1435 0.992861963
913 1378 0.269125454
913 1379 0.730874546
914 1378 0.056328362
914 1379 0.107020262
914 1435 0.17772349
914 1436 0.642523
914 1437 0.016404885
915 445 1
917 709 0.060917615
917 710 0.926358421
917 767 0.012723964
920 445 1
921 388 0.028856913
921 444 0.137671208
921 445 0.833471879
925 1112 0.00363303
925 1113 0.000642433
925 1169 0.133571842
925 1170 0.004601674
925 1225 0.126592568
925 1226 0.523566261
925 1227 0.077891073
925 1282 0.012090663
925 1283 0.114433592
925 1284 0.002976866
929 656 0.831738935
929 713 0.168261065
931 656 0.21008141
931 657 0.054803923
931 713 0.229549956
931 714 0.497692736
931 771 0.007871975
934 771 0.866070311
934 828 0.133929689
935 714 0.350428613
935 770 0.016213246
935 771 0.625025057
935 772 0.008333084
936 676 1
937 619 0.461251605
937 620 0.001648369
937 676 0.471661901
937 677 0.065438125
940 105 0.037479159
940 106 0.006193079
940 162 0.365425601
940 163 0.270944451
940 218 0.001303451
940 219 0.239838285
940 220 0.078815974
941 1229 0.569879875
941 1230 0.129983702
941 1286 0.273819048
941 1287 0.026317375
942 1289 0.350887935
942 1346 0.649112065
943 1288 0.090344594
943 1345 0.909655406
944 1288 0.198081055
944 1289 0.034555198
944 1345 0.315575926
944 1346 0.451787821
945 1345 0.248065513
945 1346 0.467014216
945 1402 0.04269145
945 1403 0.242228821
948 897 0.01212604
948 898 0.926041845
948 954 0.028727509
948 955 0.033104607
949 895 0.000257902
949 896 0.031481157
949 897 0.083539108
949 898 0.0635881
949 899 0.003014736
949 952 0.026804385
949 953 0.054418632
949 954 0.080367629
949 955 0.139109161
949 956 0.001426957
949 1010 0.004030729
949 1011 0.112267739
949 1012 0.11936122
949 1013 0.007860095
949 1067 0.066010581
949 1068 0.098346664
949 1069 0.062150555
949 1070 0.00239761
949 1124 0.041117019
949 1125 0.002450021
960 1343 0.203122856
960 1344 0.796877144
963 1230 0.004600486
963 1284 0.049089671
963 1285 0.147864628
963 1286 0.199114277
963 1287 0.247462266
963 1288 0.016589395
963 1342 0.033682882
963 1343 0.197692796
963 1344 0.098069779
963 1345 0.00583382
964 1284 0.065521101
964 1285 0.040089704
964 1341 0.262824006
964 1342 0.631565189
965 821 0.031134561
965 822 0.105219351
965 823 0.051993016
965 877 0.004444762
965 878 0.133396405
965 879 0.218684637
965 880 0.132005594
965 934 0.101511205
965 935 0.125807119
965 936 0.045847359
965 937 0.008135429
965 991 0.000630062
965 1163 0.024758636
965 1164 0.013820712
965 1220 0.002611151
968 792 0.320171634
968 849 0.679828366
969 791 3.89e-05
969 792 0.029856494
969 848 0.012455142
969 849 0.272237109
969 850 0.000262169
969 906 0.418053744
969 907 0.041096633
969 963 0.213933327
969 964 0.012066501
970 1002 0.047232835
970 1003 0.258110663
970 1059 0.352805215
970 1060 0.274901336
970 1116 0.066949952
976 1005 1
977 834 0.010709245
977 835 0.048563209
977 891 0.018886715
977 892 0.205443403
977 893 0.077513806
977 948 0.047828767
977 949 0.182052603
977 950 0.190091066
977 951 0.040947711
977 1005 0.045673252
977 1006 0.112904304
977 1007 0.019385919
978 388 1
979 269 0.007676913
979 325 0.159211817
979 326 0.507383984
979 327 0.012893848
979 382 0.1628789
979 383 0.06312069
979 384 0.086833847
982 387 0.107037883
982 444 0.892962117
983 331 0.038619255
983 387 0.15589599
983 388 0.741913426
983 389 0.001530552
983 444 0.062040776
986 791 0.737318829
986 848 0.262681171
987 790 0.005663435
987 791 0.292698146
987 847 0.129372683
987 848 0.572265737
990 884 0.019453497
990 885 0.857922654
990 941 0.079436092
990 942 0.043187757
991 883 0.016873902
991 884 0.056903274
991 885 0.075408422
991 886 0.035973311
991 940 0.030347419
991 941 0.154154456
991 942 0.156343227
991 943 0.021846749
991 997 0.086841811
991 998 0.174982087
991 999 0.074618584
991 1054 0.01765828
991 1055 0.092115168
991 1056 0.00593331
992 161 0.101021037
992 162 0.264215218
992 218 0.575910084
992 219 0.058853661
993 1225 0.14507978
993 1226 0.284844049
993 1282 0.16466692
993 1283 0.405409252
1000 1320 0.008174742
1000 1321 0.056589905
1000 1377 0.424982487
1000 1378 0.331359125
1000 1433 0.004317944
1000 1434 0.174119058
1000 1435 0.000456739
1002 709 0.922117754
1002 710 0.077849044
1002 766 3.32e-05
1003 551 0.237315519
1003 608 0.762684481
1004 331 0.44473159
1004 387 0.079247687
1004 388 0.476020723
1006 1071 1
1010 1014 0.029307326
1010 1015 0.06018558
1010 1071 0.192864677
1010 1072 0.483939093
1010 1073 0.075537463
1010 1129 0.049124476
1010 1130 0.109041385
1017 620 0.000263009
1017 621 0.017571094
1017 677 0.020899426
1017 678 0.368902182
1017 679 0.291270399
1017 680 0.01025329
1017 734 0.016017438
1017 735 0.153056773
1017 736 0.079428269
1017 737 0.04233812
1018 651 0.039658848
1018 652 0.457980977
1018 653 0.197500264
1018 708 0.001173305
1018 709 0.291074393
1018 710 0.012612213
1024 1282 0.096922446
1024 1283 0.903077554
1025 219 0.326407171
1025 220 0.290403594
1025 276 0.378034569
1025 277 0.005154666
1027 1343 1
1029 1342 0.450185966
1029 1343 0.549814034
1030 1399 0.290086065
1030 1456 0.709913935
1031 1341 0.049584999
1031 1342 0.296785647
1031 1343 0.038162995
1031 1398 0.024862922
1031 1399 0.433558489
1031 1400 0.155014442
1031 1456 0.001842404
1031 1457 0.000188103
1034 550 0.099277073
1034 551 0.900722927
1039 554 0.105171768
1039 555 0.032497054
1039 610 0.112442673
1039 611 0.630641329
1039 612 0.0662697
1039 668 0.052977476
1040 1345 1
1042 1345 1
1044 1432 0.997893681
1044 1433 0.002106319
1056 1432 0.082610421
1056 1433 0.200602425
1056 1434 0.100365266
1056 1435 0.005232762
1056 1489 0.095240302
1056 1490 0.261240436
1056 1491 0.208367486
1056 1492 0.035516576
1056 1547 0.010824326
1057 1491 0.263699386
1057 1492 0.736300614
1059 711 1
1060 654 0.485376419
1060 711 0.514623581
1061 653 0.247588174
1061 654 0.290460081
1061 710 0.288733798
1061 711 0.173217947
1062 330 0.136575246
1062 331 0.775080284
1062 387 0.047333295
1062 388 0.041011175
1075 492 0.010043113
1075 493 0.231158319
1075 494 0.05421814
1075 549 0.010891888
1075 550 0.542598081
1075 551 0.15109046
1078 772 0.824095856
1078 829 0.175904144
1079 714 0.205813953
1079 715 0.156047917
1079 771 0.010637784
1079 772 0.627500346
1080 1002 0.008311303
1080 1003 0.991688697
1082 609 0.118013916
1082 610 0.010246427
1082 665 0.027636175
1082 666 0.406542586
1082 667 0.181216266
1082 723 0.191729015
1082 724 0.064615613
1087 879 0.001108845
1087 934 0.003062561
1087 935 0.081777376
1087 936 0.155561727
1087 937 0.036735285
1087 990 0.009633814
1087 991 0.160914955
1087 992 0.188160401
1087 993 0.170655507
1087 994 0.029245721
1087 1047 0.000681765
1087 1048 0.102766248
1087 1049 0.026846412
1087 1050 0.029242478
1087 1107 0.003606905
1088 989 0.026148471
1088 990 0.324462966
1088 991 0.053307569
1088 1046 0.012946381
1088 1047 0.405662146
1088 1048 0.011301896
1088 1103 0.05297027
1088 1104 0.113200301
1089 556 0.212340039
1089 557 0.524258616
1089 558 0.024570242
1089 613 0.051585673
1089 614 0.179409625
1089 615 0.007835805
1097 677 0.004817805
1097 734 0.175507804
1097 735 0.805031621
1097 736 0.01464277
1098 1282 0.350331644
1098 1283 0.12279558
1098 1339 0.506853949
1098 1340 0.020018827
1099 1282 0.007142787
1099 1283 0.000888777
1099 1338 0.207058511
1099 1339 0.727385818
1099 1340 0.033697922
1099 1396 0.023826184
1102 218 0.15828448
1102 274 0.747426775
1102 275 0.073777689
1102 331 0.020511056
1103 268 0.548461887
1103 269 0.049353315
1103 324 0.014237942
1103 325 0.369189535
1103 326 0.018757321
1117 1375 0.500881121
1117 1432 0.498564227
1117 1433 0.000554652
1118 1317 0.221231086
1118 1374 0.778446011
1118 1375 0.000322904
1119 1317 0.018034091
1119 1318 0.080247325
1119 1319 0.010687406
1119 1374 0.080005834
1119 1375 0.323930507
1119 1376 0.318596814
1119 1377 0.053879986
1119 1432 0.018864331
1119 1433 0.095482158
1119 1434 0.000271548
1120 735 0.132932738
1120 791 0.1401274
1120 792 0.726939862
1121 735 0.224334766
1121 791 0.000451044
1121 792 0.77521419
1122 333 0.2183255
1122 334 0.413753358
1122 335 0.021347269
1122 390 0.229330095
1122 391 0.117243778
1123 952 0.061876281
1123 953 0.316878062
1123 954 0.220564033
1123 1009 0.048562916
1123 1010 0.236674332
1123 1011 0.115444375
1124 449 1
1126 391 0.031041655
1126 392 0.007479597
1126 448 0.150814609
1126 449 0.723484667
1126 505 0.000768725
1126 506 0.086410745
1127 449 0.084362276
1127 450 0.022699163
1127 506 0.317364539
1127 507 0.571397836
1127 564 0.004176186
1130 1346 1
1135 1346 0.076451402
1135 1347 0.010033587
1135 1403 0.250340377
1135 1404 0.244179333
1135 1405 0.044181256
1135 1460 0.056511048
1135 1461 0.243934932
1135 1462 0.074368065
1136 1403 0.007603969
1136 1460 0.755784628
1136 1461 0.170713968
1136 1517 0.065897435
1137 1169 0.066072018
1137 1170 0.442733276
1137 1226 0.007768645
1137 1227 0.483426061
1139 1345 0.996902551
1139 1402 0.003097449
1142 1458 0.748268047
1142 1459 0.154793653
1142 1515 0.086046907
1142 1516 0.010891393
1143 1345 0.043998802
1143 1401 0.137316996
1143 1402 0.378568863
1143 1458 0.069685552
1143 1459 0.369383698
1143 1515 0.000793353
1143 1516 0.000252737
1144 1459 0.88533911
1144 1516 0.11466089
1150 613 0.007737009
1150 669 0.166561067
1150 670 0.705563289
1150 726 0.116991176
1150 727 0.003147459
1151 669 0.063174149
1151 670 0.120431598
1151 726 0.314145249
1151 727 0.336179072
1151 783 0.098442727
1151 784 0.067627205
1153 498 0.079622849
1153 499 0.305931329
1153 500 0.051425883
1153 555 0.036365449
1153 556 0.425001515
1153 557 0.101652976
1154 1345 1
1155 1345 1
1156 1345 1
1163 492 0.395665463
1163 493 0.08100333
1163 549 0.489402791
1163 550 0.033928415
1164 491 0.299286713
1164 492 0.241377519
1164 548 0.253674616
1164 549 0.205661152
1170 324 0.061073904
1170 325 0.570803896
1170 381 0.150729437
1170 382 0.217392763
1175 732 0.037693791
1175 733 0.08243634
1175 789 0.331524492
1175 790 0.352506821
1175 846 0.134121042
1175 847 0.061717513
1183 540 0.551306044
1183 597 0.448693956
1184 539 0.116643286
1184 540 0.343868323
1184 596 0.001565851
1184 597 0.53792254
1185 539 0.287402331
1185 540 0.005189399
1185 596 0.608775459
1185 597 0.09863281
1186 539 0.0177788
1186 595 0.539175974
1186 596 0.220874398
1186 652 0.220751
1186 653 0.001419828
1187 330 1
1188 600 1
1191 600 1
1202 600 0.695889688
1202 656 0.145494472
1202 657 0.15861584
1205 599 0.002768125
1205 600 0.00872866
1205 656 0.021601483
1205 657 0.768114376
1205 658 0.012715533
1205 714 0.102415198
1205 715 0.083656625
1206 657 0.010403394
1206 714 0.429081621
1206 715 0.560514986
1207 497 0.365068953
1207 498 0.634931047
1209 440 0.001782992
1209 441 0.246416
1209 497 0.014881786
1209 498 0.72187007
1209 499 0.014120145
1209 556 0.000929008
1213 1344 0.805085978
1213 1345 0.194914022
1214 1344 0.849052892
1214 1345 0.150947108
1215 1344 0.095302115
1215 1345 0.07650607
1215 1401 0.777386041
1215 1402 0.050805774
1216 330 0.962804536
1216 331 0.037195464
1217 219 0.010602901
1217 275 0.563108004
1217 276 0.247198503
1217 332 0.176982351
1217 333 0.002108242
1219 622 0.06773219
1219 623 0.280406192
1219 679 0.195762867
1219 680 0.450478424
1219 737 0.005620327
1220 1071 1
1223 597 0.347343349
1223 598 0.652656651
1231 597 0.105470057
1231 598 0.155015187
1231 654 0.14792145
1231 655 0.591593307
1232 598 0.007377362
1232 654 0.598637639
1232 655 0.393984999
1235 849 1
1249 546 1
1250 489 0.022933261
1250 490 0.354576326
1250 491 0.109936272
1250 546 0.048932931
1250 547 0.35154189
1250 548 0.112050651
1250 604 2.87e-05
1257 1103 0.479939118
1257 1160 0.490433312
1257 1161 0.02962757
1258 992 0.013684589
1258 993 0.034124288
1258 1048 0.11910287
1258 1049 0.226375059
1258 1050 0.187094119
1258 1105 0.04927111
1258 1106 0.163105579
1258 1107 0.141432409
1258 1163 0.065809977
1259 1047 0.091321813
1259 1048 0.026270601
1259 1103 0.027956999
1259 1104 0.499746709
1259 1105 0.190061678
1259 1160 0.00961583
1259 1161 0.133971598
1259 1162 0.000769768
1259 1163 0.020285004
1261 1071 0.010595027
1261 1128 0.33841333
1261 1184 0.023974202
1261 1185 0.270797078
1261 1186 0.135931402
1261 1241 0.0678933
1261 1242 0.141308165
1261 1243 0.011087496
1263 266 0.373632678
1263 267 0.300849673
1263 268 0.015863235
1263 322 0.029488601
1263 323 0.199940671
1263 324 0.080225142
1264 449 0.083706781
1264 506 0.916293219
1265 506 0.26930491
1265 507 0.069400427
1265 563 0.052788184
1265 564 0.366574952
1265 620 0.00715964
1265 621 0.234771887
1268 1399 0.023901074
1268 1456 0.976098926
1271 1398 0.155501596
1271 1399 0.223713945
1271 1455 0.157424958
1271 1456 0.323554487
1271 1512 0.058064279
1271 1513 0.081740736
1272 1454 0.021937489
1272 1511 0.978062511
1273 1398 0.003301595
1273 1454 0.030944387
1273 1455 0.273476656
1273 1456 0.240485298
1273 1511 0.054718987
1273 1512 0.251274494
1273 1513 0.145798583
1275 729 0.255199601
1275 730 0.321791983
1275 786 0.058981538
1275 787 0.364026879
1276 1280 0.009312296
1276 1281 0.374092662
1276 1282 0.548155269
1276 1283 0.00997154
1276 1337 0.023205472
1276 1338 0.035262762
1284 1173 0.017274972
1284 1174 0.039315135
1284 1229 0.005447444
1284 1230 0.286277352
1284 1231 0.263446893
1284 1287 0.063753226
1284 1288 0.299201731
1284 1289 0.018528509
1284 1345 0.006754739
1294 959 0.984907745
1294 960 0.015092255
1295 902 0.025236629
1295 903 0.005389672
1295 959 0.122039382
1295 960 0.465477993
1295 961 0.129768359
1295 1017 0.085806769
1295 1018 0.166281195
1296 792 0.000517332
1296 849 0.658737191
1296 850 0.340745477
1297 737 0.001817836
1297 792 0.013997383
1297 793 0.267137841
1297 794 0.226790396
1297 849 0.008299954
1297 850 0.353637481
1297 851 0.117153265
1297 907 0.010534297
1297 908 0.000631547
1298 959 1
1299 1073 1
1300 959 0.341233102
1300 960 0.009019573
1300 1016 0.483413556
1300 1017 0.095478253
1300 1073 0.058316622
1300 1074 0.012538893
1301 618 0.440522861
1301 675 0.559477139
1302 675 0.589323598
1302 732 0.410676402
1304 218 0.422939394
1304 219 0.253051919
1304 275 0.318979028
1304 276 0.005029658
1306 1493 0.144735372
1306 1494 0.193295351
1306 1549 0.206213922
1306 1550 0.40636857
1306 1551 0.049385425
1306 1606 1.36e-06
1325 1181 0.001474452
1325 1237 0.0702685
1325 1238 0.470105359
1325 1239 0.000286067
1325 1294 0.004641185
1325 1295 0.445709798
1325 1296 0.007514639
1326 1295 0.858074035
1326 1296 0.141925965
1327 1181 0.017363362
1327 1182 0.017271556
1327 1238 0.298431867
1327 1239 0.373323262
1327 1295 0.087052577
1327 1296 0.206557376
1329 1338 0.009827674
1329 1339 0.085122836
1329 1395 0.383629121
1329 1396 0.384363204
1329 1452 0.093334553
1329 1453 0.043722612
1331 832 0.594710186
1331 833 0.405289814
1336 599 1
1338 598 0.116795767
1338 599 0.883204233
1340 541 0.016208271
1340 542 0.085356687
1340 598 0.032121766
1340 599 0.866313275
1343 656 0.768834793
1343 657 0.231165207
1344 599 0.36488932
1344 656 0.630923789
1344 657 0.004186892
1345 656 0.989807662
1345 657 0.010192338
1352 329 0.000683959
1352 330 0.754001597
1352 386 0.002823472
1352 387 0.242490972
1358 320 0.427252926
1358 321 0.240079975
1358 377 0.310433268
1358 378 0.02223383
1361 320 0.156243738
1361 321 0.21387682
1361 377 0.372125697
1361 378 0.257753745
1363 321 0.010277098
1363 377 0.331478515
1363 378 0.505018236
1363 434 0.050083011
1363 435 0.10314314
1365 492 0.719012426
1365 493 0.280987574
1366 377 0.010578749
1366 378 0.004711141
1366 434 0.324075645
1366 435 0.275872035
1366 491 0.131132577
1366 492 0.253629854
1370 503 0.069042865
1370 504 0.135853543
1370 560 0.306039353
1370 561 0.188476446
1370 617 0.157990338
1370 618 0.142597456
1374 387 1
1375 330 0.233279912
1375 387 0.766720088
1379 619 0.174307975
1379 620 0.667661024
1379 621 0.011144097
1379 677 0.146886904
1380 619 0.000222667
1380 620 0.359555646
1380 621 0.474238439
1380 622 0.000783875
1380 677 0.072465311
1380 678 0.079051775
1380 679 0.013682286
1385 541 1
1388 541 0.159924298
1388 598 0.840075702
1389 598 0.957119369
1389 599 0.042880631
1390 541 0.197400726
1390 598 0.775026455
1390 599 0.027572819
1396 598 0.526079895
1396 599 0.051195086
1396 655 0.418088279
1396 656 0.004636741
1397 598 0.002067227
1397 655 0.997932773
1398 1329 0.01780084
1398 1330 0.98219916
1403 1283 0.033867515
1403 1339 0.048995114
1403 1340 0.530439688
1403 1341 0.037814176
1403 1397 0.307606422
1403 1454 0.041064634
1403 1455 0.000212451
1404 1397 0.006043296
1404 1454 0.297796949
1404 1455 0.696159756
1406 888 0.059535441
1406 889 0.181195232
1406 945 0.362601023
1406 946 0.396668304
1408 449 0.070200199
1408 506 0.929799801
1409 506 0.15090544
1409 563 0.743698621
1409 564 0.080135898
1409 620 0.024975345
1409 621 0.000284697
1411 388 1.33e-05
1411 389 0.03757388
1411 445 0.015241466
1411 446 0.947171398
1412 332 0.055191011
1412 333 0.081770507
1412 389 0.662359213
1412 390 0.138628724
1412 446 0.062050545
1415 445 0.008774027
1415 501 0.83903037
1415 502 0.152195603
1420 215 0.003067513
1420 216 0.659984922
1420 273 0.336947565
1425 215 0.297238633
1425 272 0.67276375
1425 329 0.029997617
1430 215 0.093529742
1430 216 0.050533353
1430 272 0.201892171
1430 273 0.338876805
1430 274 0.017244522
1430 329 0.070942209
1430 330 0.222157363
1430 331 0.004823835
1432 1380 0.474637035
1432 1381 0.522944364
1432 1438 0.002418601
1433 1324 0.070554841
1433 1325 0.235996157
1433 1326 0.070002464
1433 1381 0.31286928
1433 1382 0.248440206
1433 1383 0.051892993
1433 1438 0.010244061
1434 1049 0.066475436
1434 1105 0.379299674
1434 1106 0.370522577
1434 1162 0.122233435
1434 1163 0.061468878
1436 664 0.666382927
1436 721 0.333617073
1438 607 0.012805416
1438 664 0.855461044
1438 665 0.010144266
1438 721 0.121589275
1439 664 0.145652248
1439 665 0.015451129
1439 721 0.838586664
1439 722 0.00030996
1441 1272 0.245935845
1441 1273 0.084217436
1441 1329 0.532215736
1441 1330 0.137630983
1442 1215 0.000731438
1442 1272 0.781333689
1442 1273 0.211899598
1442 1329 0.006035275
1444 217 0.505832703
1444 218 0.3562286
1444 274 0.137857682
1444 275 8.1e-05
1446 103 0.223740051
1446 104 0.670120803
1446 105 0.106139146
1451 103 0.118436835
1451 159 0.425217316
1451 160 0.336206815
1451 216 0.104851729
1451 217 0.015287306
1452 103 0.082713661
1452 104 0.102383681
1452 105 0.0630515
1452 159 0.001468878
1452 160 0.260182534
1452 161 0.354916292
1452 162 0.077358954
1452 216 0.005210981
1452 217 0.029820461
1452 218 0.022893058
1458 1314 0.01439379
1458 1315 0.106551548
1458 1371 0.008849565
1458 1372 0.870205097
1459 1315 0.009838574
1459 1372 0.274133363
1459 1373 0.562964078
1459 1374 0.153063985
1460 1373 0.020127653
1460 1374 0.979872347
1462 847 0.085085954
1462 848 0.914914046
1463 847 0.097804283
1463 848 0.172977649
1463 904 0.019019209
1463 905 0.543461111
1463 962 0.166737748
1473 1227 0.205657346
1473 1228 0.053209454
1473 1283 0.16728616
1473 1284 0.507443424
1473 1285 0.039055223
1473 1341 0.027348395
1474 1283 0.270103452
1474 1284 0.05504594
1474 1340 0.100281196
1474 1341 0.574569413
1477 735 0.404943663
1477 792 0.595056337
1478 735 0.005934634
1478 736 0.13616403
1478 737 0.063319773
1478 792 0.076866944
1478 793 0.633666539
1478 794 0.08404808
1480 271 0.606341534
1480 272 0.372203055
1480 328 0.021455412
1482 443 1
1487 442 0.005965952
1487 443 0.976638001
1487 444 0.017396047
1490 1345 0.07352065
1490 1402 0.388157272
1490 1403 0.206462938
1490 1459 0.055106307
1490 1460 0.276752834
1493 1343 0.108053581
1493 1344 0.891946419
1494 1344 0.858793013
1494 1401 0.141206987
1501 663 0.000510046
1501 664 0.283959032
1501 720 0.492114643
1501 721 0.216213557
1501 777 0.007202721
1502 664 0.001729364
1502 720 0.100196387
1502 721 0.199844325
1502 777 0.431245333
1502 778 0.047455464
1502 833 0.004708897
1502 834 0.214820231
1506 1496 0.186182034
1506 1553 0.813817966
1507 1383 0.072145756
1507 1384 0.136197929
1507 1439 0.01943023
1507 1440 0.314008176
1507 1441 0.062092734
1507 1496 0.215462323
1507 1497 0.091248183
1507 1553 0.088317496
1507 1554 0.001097175
1511 1314 1
1513 1314 0.404892215
1513 1315 0.595107785
1514 1259 0.015622235
1514 1315 0.147976552
1514 1316 0.4940239
1514 1317 0.194415586
1514 1372 0.002301265
1514 1373 0.107372391
1514 1374 0.03828807
1515 1316 0.012459526
1515 1317 0.548824388
1515 1374 0.438716085
1519 890 0.051783458
1519 891 0.398410559
1519 947 0.115160209
1519 948 0.434645774
1520 891 0.096364344
1520 892 0.009772141
1520 948 0.546747551
1520 949 0.347115964
1523 156 0.297170239
1523 157 0.300453133
1523 213 0.040713919
1523 214 0.36166271
1534 214 0.256618708
1534 215 0.375682239
1534 271 0.005794181
1534 272 0.361904872
1535 155 0.026184131
1535 156 0.028608343
1535 211 0.030044236
1535 212 0.147639281
1535 213 0.15415588
1535 214 0.100215997
1535 215 0.001641295
1535 268 0.051224804
1535 269 0.150165256
1535 270 0.14693528
1535 271 0.112252126
1535 272 0.005061059
1535 326 0.016485807
1535 327 0.028764435
1535 328 0.00062207
1536 211 0.206778832
1536 267 0.127501365
1536 268 0.665719803
1537 1347 0.830695129
1537 1348 0.169304871
1538 1347 0.115336073
1538 1348 0.285489323
1538 1349 0.06810189
1538 1404 0.073518669
1538 1405 0.32251147
1538 1406 0.133221252
1538 1462 0.001821322
1544 545 0.034410694
1544 546 0.883234137
1544 602 0.002270634
1544 603 0.080084535
1548 545 8.95e-06
1548 546 0.304297627
1548 602 0.019960238
1548 603 0.659775582
1548 604 0.015957601
1552 1280 0.003228188
1552 1336 0.649504784
1552 1337 0.347267028
1555 1167 0.000115064
1555 1223 0.107990848
1555 1224 0.14485197
1555 1279 0.104155891
1555 1280 0.290073474
1555 1281 0.1268087
1555 1336 0.055202908
1555 1337 0.160187365
1555 1393 0.001946379
1555 1394 0.008667401
1556 1337 0.212892044
1556 1393 0.015837934
1556 1394 0.684132877
1556 1395 0.006147631
1556 1450 6.85e-05
1556 1451 0.080921054
1575 600 1
1576 542 0.508621717
1576 543 0.209416898
1576 599 0.269432364
1576 600 0.012529021
1577 599 0.13713124
1577 600 0.86286876
1579 542 0.265430042
1579 543 0.088866305
1579 599 0.512637264
1579 600 0.11366793
1579 656 0.019398459
1580 599 0.957535779
1580 600 0.000534762
1580 656 0.041929459
1584 335 0.133276412
1584 336 0.26461982
1584 337 0.078615295
1584 392 0.067644789
1584 393 0.336830933
1584 394 0.016967227
1584 449 0.019546618
1584 450 0.082498907
1595 548 6.11e-06
1595 549 0.231826235
1595 550 0.14287875
1595 605 0.01658955
1595 606 0.33035594
1595 607 0.278343415
1596 547 0.059724365
1596 548 0.228338466
1596 549 0.138533537
1596 550 0.000270683
1596 604 0.196198374
1596 605 0.325360222
1596 606 0.051574353
1598 608 0.002686405
1598 609 0.009313059
1598 664 0.020980059
1598 665 0.767407414
1598 666 0.001377186
1598 721 0.024307769
1598 722 0.173928108
1599 1071 1
1600 1071 0.618213056
1600 1128 0.381786944
1601 661 0.388950502
1601 717 0.023878082
1601 718 0.587171416
1602 659 0.001491592
1602 660 0.250413538
1602 661 0.047644239
1602 716 0.182917624
1602 717 0.460571548
1602 718 0.05696146
1603 1217 1
1604 1273 0.010520833
1604 1274 0.305762546
1604 1330 0.01368457
1604 1331 0.670032051
1605 1216 0.025803501
1605 1217 0.083931935
1605 1273 0.303364637
1605 1274 0.586899928
1606 1273 0.200251675
1606 1274 0.000528339
1606 1330 0.767491114
1606 1331 0.031728872
1607 1216 0.02206942
1607 1272 0.020754436
1607 1273 0.957176144
1611 1073 0.946766909
1611 1074 0.036149803
1611 1130 0.004578199
1611 1131 0.012505089
1612 959 0.00366172
1612 960 0.000750649
1612 1016 0.010762166
1612 1017 0.38122506
1612 1073 0.056897837
1612 1074 0.54425204
1612 1131 0.002450529
1615 890 0.824696507
1615 947 0.175303493
1616 832 0.160835913
1616 889 0.372027809
1616 890 0.466020793
1616 947 0.001115485
1618 378 0.716859453
1618 435 0.283140547
1626 380 0.095162121
1626 381 0.262817585
1626 382 0.007458772
1626 437 0.321757417
1626 438 0.286354292
1626 439 0.000231211
1626 494 0.026218604
1627 378 0.048931776
1627 379 0.197314404
1627 380 0.121438302
1627 435 0.037447863
1627 436 0.432975296
1627 437 0.161892358
1631 1160 0.678341948
1631 1217 0.321658052
1632 1105 0.085446232
1632 1161 0.039254136
1632 1162 0.867485057
1632 1219 0.007814576
1633 1105 0.001111767
1633 1160 0.057602344
1633 1161 0.307142953
1633 1162 0.120703888
1633 1217 0.108249667
1633 1218 0.283945647
1633 1219 0.121243734
1634 274 0.381420423
1634 275 0.382426387
1634 331 0.236153191
1642 959 0.000462933
1642 960 0.064296372
1642 1017 0.441756683
1642 1018 0.145900968
1642 1074 0.185040589
1642 1075 0.162542454
1647 444 0.932718326
1647 445 0.062865136
1647 501 0.004416538
1648 491 1
1649 433 0.019421799
1649 434 0.309145536
1649 490 0.174766481
1649 491 0.496666184
1655 1289 1
1656 1289 0.204027147
1656 1290 0.787754531
1656 1346 0.008218322
1657 1289 1
1658 1288 0.057013874
1658 1289 0.85706843
1658 1290 0.085917696
1659 1008 0.14736876
1659 1009 0.177100171
1659 1010 0.107272557
1659 1065 0.121317685
1659 1066 0.191567395
1659 1067 0.127321761
1659 1123 0.090731927
1659 1124 0.037319745
1665 321 1
1666 264 0.219261584
1666 265 0.125830913
1666 321 0.496718265
1666 322 0.158189239
1667 209 0.000165136
1667 264 0.011786572
1667 265 0.557290568
1667 266 0.184938997
1667 321 0.005892854
1667 322 0.233119439
1667 323 0.006806434
1670 1071 0.000797618
1670 1128 0.094002626
1670 1129 0.269280402
1670 1185 0.003891464
1670 1186 0.468380627
1670 1187 0.021226275
1670 1243 0.142420989
1671 1272 1
1674 610 0.237191666
1674 611 0.018522269
1674 667 0.669706305
1674 668 0.07457976
1679 321 0.016629019
1679 322 0.983370981
1680 324 0.010984972
1680 380 0.176209258
1680 381 0.81280577
1681 322 0.196686593
1681 323 0.359778513
1681 324 0.12788513
1681 380 0.218586569
1681 381 0.097063195
1683 541 0.516206463
1683 598 0.483793537
1690 540 0.098856161
1690 541 0.197018989
1690 597 0.033717911
1690 598 0.670406939
1692 597 1
1693 597 1
1695 540 0.101045637
1695 541 0.024799452
1695 597 0.671759074
1695 598 0.202395837
1696 597 1
1697 597 1
1700 1343 0.632370328
1700 1344 0.002236309
1700 1400 0.363632138
1700 1401 0.001761225
1702 1457 0.009586756
1702 1458 0.990413244
1703 1344 0.001089324
1703 1400 0.265488945
1703 1401 0.227427436
1703 1457 0.366702243
1703 1458 0.139292052
1704 947 0.576566726
1704 948 0.352555361
1704 1005 0.070877913
1706 1004 0.321135787
1706 1005 0.678864213
1707 946 0.002566903
1707 947 0.274562326
1707 948 0.018258152
1707 1003 0.118080204
1707 1004 0.517937606
1707 1005 0.068594809
1709 1281 8.33e-05
1709 1337 0.159433809
1709 1338 0.594475218
1709 1394 0.055961354
1709 1395 0.19004635
1710 1272 1
1711 724 0.039650392
1711 725 0.960349608
1712 667 0.093969282
1712 724 0.850238671
1712 725 0.042718614
1712 781 0.013073433
1714 1158 0.212235059
1714 1215 0.787764941
1715 1215 1
1720 1214 0.298467652
1720 1271 0.701532348
1721 1214 0.276105793
1721 1271 0.723894207
1722 1214 0.645457937
1722 1215 0.086123455
1722 1271 0.239143302
1722 1272 0.029275306
1723 1214 0.000548598
1723 1215 0.639905231
1723 1271 0.000794885
1723 1272 0.358751286
1730 1491 0.26674125
1730 1492 0.157910898
1730 1548 0.550594491
1730 1549 0.024753361
1731 1492 0.098760684
1731 1548 0.097856781
1731 1549 0.712003345
1731 1606 0.091379189
1736 598 1
1737 598 1
1738 598 0.789951708
1738 655 0.210048292
1739 598 0.090097075
1739 655 0.909902925
1741 831 0.208106219
1741 888 0.717424596
1741 889 0.044960266
1741 945 0.029508919
1748 600 1
1751 657 0.233437614
1751 658 0.766562386
1754 600 0.712706067
1754 601 0.147568571
1754 602 0.002588443
1754 657 0.137136919
1755 600 0.003235832
1755 601 0.049528306
1755 602 0.05661039
1755 657 0.14321389
1755 658 0.623076022
1755 659 0.040596963
1755 715 0.083738597
1756 602 0.0002454
1756 658 0.096326893
1756 659 0.62545962
1756 660 0.001009847
1756 715 0.073466237
1756 716 0.202088343
1756 717 0.001403661
1759 611 0.070454213
1759 612 0.089079624
1759 667 0.080034376
1759 668 0.654284886
1759 669 0.1061469
1760 849 0.974811766
1760 850 0.025188234
1761 849 0.052763567
1761 850 0.314021816
1761 907 0.463201407
1761 964 0.17001321
1762 846 0.116141959
1762 847 0.553719919
1762 903 0.164250032
1762 904 0.16588809
1764 387 0.479428777
1764 444 0.520571223
1765 387 0.943406184
1765 388 0.042148401
1765 444 0.014445415
1768 388 0.265542747
1768 389 0.021586079
1768 445 0.70027139
1768 446 0.012599785
1769 388 0.61462364
1769 389 0.274156057
1769 445 0.111220303
1771 597 1
1776 597 0.556746667
1776 654 0.443253333
1777 597 0.017391741
1777 653 0.088006812
1777 654 0.894601448
1778 653 0.67167582
1778 654 0.167581826
1778 710 0.160742354
1783 834 0.236447815
1783 890 0.117991946
1783 891 0.645560239
1785 833 0.613314799
1785 834 0.256514066
1785 890 0.048966819
1785 891 0.081204317
1794 545 1
1799 544 0.184505161
1799 545 0.81380629
1799 546 0.001688549
1801 601 1
1804 544 0.159076464
1804 601 0.819599402
1804 602 0.021324133
1805 544 0.095070865
1805 545 0.239285818
1805 601 0.006147218
1805 602 0.602021935
1805 603 0.057474164
1808 851 0.256224037
1808 907 0.14347435
1808 908 0.354094714
1808 909 0.002508701
1808 964 0.083886753
1808 965 0.151667649
1808 966 0.008143796
1813 1209 0.011496247
1813 1210 0.005285818
1813 1266 0.359178996
1813 1267 0.031693111
1813 1322 0.111268636
1813 1323 0.146984907
1813 1324 0.004824423
1813 1379 0.048586825
1813 1380 0.280378227
1813 1381 0.00030281
1817 445 0.941021246
1817 446 0.051217923
1817 502 0.007760832
1818 274 0.000256374
1818 330 0.239868756
1818 331 0.75987487
1820 437 0.341043398
1820 438 0.026479858
1820 494 0.632476744
1821 495 1
1824 436 0.002558679
1824 437 0.04532725
1824 438 0.004570131
1824 493 0.248443336
1824 494 0.456045279
1824 495 0.172016699
1824 551 0.069942243
1824 552 0.001096383
1836 1395 0.223792141
1836 1451 0.04001401
1836 1452 0.601917637
1836 1453 0.019432588
1836 1508 0.009756237
1836 1509 0.105087387
1837 1509 0.039914076
1837 1510 0.91497985
1837 1566 0.007468984
1837 1567 0.03763709
1838 1452 0.075428932
1838 1453 0.150521636
1838 1509 0.201307141
1838 1510 0.572742291
1840 267 0.00024718
1840 324 0.99975282
1842 721 0.04179093
1842 722 0.604341083
1842 723 0.070870771
1842 778 2.05e-06
1842 779 0.272078651
1842 780 0.010916517
1846 387 0.992825465
1846 388 0.007174535
1848 731 0.123753426
1848 787 0.325875826
1848 788 0.496177002
1848 844 0.051463331
1848 845 0.002730416
1850 945 0.003373766
1850 946 0.564655092
1850 947 0.186734158
1850 1002 0.058840717
1850 1003 0.186396267
1853 1375 0.151282636
1853 1432 0.848717364
1855 1431 1
1860 1374 0.347331086
1860 1375 0.01408431
1860 1431 0.638584604
1861 1374 0.000515647
1861 1375 0.010143125
1861 1431 0.325450836
1861 1432 0.596568723
1861 1489 0.067321669
1869 847 0.045797444
1869 903 0.008358527
1869 904 0.48564869
1869 960 0.009223711
1869 961 0.422987811
1869 962 0.009506759
1869 1018 0.00824004
1869 1019 0.010237019
1870 786 0.065835125
1870 787 0.908594446
1870 843 0.02480381
1870 844 0.000766619
1871 1284 3.7e-08
1871 1341 0.999999963
1872 1341 0.745296556
1872 1398 0.254703444
1875 337 0.314563663
1875 338 0.681731464
1875 395 0.003704873
1876 338 0.821465392
1876 395 0.178534608
1880 848 1
1881 848 0.265452541
1881 849 0.017496863
1881 905 0.372765251
1881 906 0.187951107
1881 962 0.080950443
1881 963 0.075383794
1884 1343 0.418647242
1884 1400 0.581352758
1885 1456 0.521779317
1885 1457 0.478220683
1886 1343 0.000541547
1886 1400 0.832302978
1886 1456 0.003492392
1886 1457 0.163663082
1889 1270 1
1891 1327 0.957543586
1891 1328 0.034934476
1891 1384 0.007521939
1892 1212 0.06170218
1892 1213 0.052593706
1892 1269 0.245107154
1892 1270 0.312600417
1892 1326 0.060243099
1892 1327 0.267571857
1892 1328 0.000181586
1893 789 0.124087033
1893 846 0.875912967
1898 384 0.275972029
1898 385 0.083632582
1898 441 0.47399526
1898 442 0.166400129
1899 384 0.136984876
1899 385 0.810561396
1899 386 0.001056093
1899 441 0.0047697
1899 442 0.046627935
1900 319 0.278119536
1900 320 0.721880464
1903 377 1
1905 319 0.059924157
1905 320 0.311049402
1905 376 0.017852351
1905 377 0.61117409
1907 319 0.00222598
1907 320 0.01151543
1907 376 0.30891854
1907 377 0.600985213
1907 433 0.032444513
1907 434 0.043910324
1908 377 0.041396455
1908 433 0.328311389
1908 434 0.630292156
1913 1159 0.824069368
1913 1160 0.175930632
1915 1159 0.99942018
1915 1160 0.00057982
1917 1159 1
1918 1158 0.767436258
1918 1215 0.232563742
1921 1158 0.166848868
1921 1159 0.405382592
1921 1215 0.216929554
1921 1216 0.210838986
1922 1215 0.252362809
1922 1216 0.720824756
1922 1273 0.026812435
1925 1397 0.109581364
1925 1398 0.890307007
1925 1455 0.00011163
1926 1397 0.005497339
1926 1398 0.184868461
1926 1454 0.004034765
1926 1455 0.805599436
1938 602 0.678791093
1938 603 0.285031396
1938 604 7.94e-05
1938 659 0.022400796
1938 660 0.013697309
1939 605 0.007600386
1939 606 0.176621144
1939 661 0.195198888
1939 662 0.459035592
1939 663 0.16154399
1940 602 0.04423121
1940 603 0.070344432
1940 604 0.069661878
1940 605 0.053931128
1940 606 0.00992986
1940 659 0.099916621
1940 660 0.336417396
1940 661 0.287543214
1940 662 0.027999877
1940 663 2.44e-05
1941 1004 0.143355708
1941 1005 0.855951343
1941 1062 0.000692949
1943 1004 0.000312475
1943 1005 0.00365418
1943 1061 0.570979215
1943 1062 0.425054131
1944 1003 0.087809547
1944 1004 0.074540396
1944 1005 0.008388109
1944 1060 0.196248356
1944 1061 0.429800202
1944 1062 0.011196299
1944 1117 0.006029438
1944 1118 0.179847313
1944 1119 0.006140341
1950 679 0.00313878
1950 735 0.054503843
1950 736 0.851985439
1950 737 0.090371938
1951 274 0.03417467
1951 275 0.209539392
1951 331 0.488873204
1951 332 0.267412733
1952 947 1
1953 889 0.28347455
1953 890 0.006891354
1953 946 0.229261447
1953 947 0.480372649
1955 159 0.818742821
1955 160 0.122125732
1955 216 0.059131447
1958 441 0.015264406
1958 442 0.984735594
1964 834 1
1965 777 0.169583709
1965 778 0.228764211
1965 834 0.302112099
1965 835 0.299539981
1967 446 1
1968 389 0.275739198
1968 390 0.500663099
1968 446 0.178825468
1968 447 0.044772234
1969 444 1
1971 387 0.079354312
1971 388 0.24446812
1971 444 0.584023815
1971 445 0.092153753
1973 321 1
1978 320 0.001870507
1978 321 0.998129493
1979 321 0.987039883
1979 322 0.012960117
1980 321 0.389918386
1980 322 0.610081614
1981 265 0.328980575
1981 322 0.671019425
1983 721 0.311040718
1983 722 0.045113239
1983 778 0.584149159
1983 779 0.059696885
1987 433 1
1989 433 0.757696869
1989 490 0.242303131
1991 1106 0.035619893
1991 1107 0.064255613
1991 1163 0.552839378
1991 1164 0.336429744
1991 1220 0.010855372
1993 562 0.604730277
1993 563 0.077657199
1993 619 0.263768568
1993 620 0.053843956
1994 562 0.126824335
1994 563 0.621590726
1994 619 0.003735727
1994 620 0.247849212
1995 1117 0.422933935
1995 1174 0.577066065
1996 1059 0.106970779
1996 1060 0.185471839
1996 1116 0.140504948
1996 1117 0.526741274
1996 1118 0.038792021
1996 1174 0.001519139
2000 1338 0.003874021
2000 1394 0.206078135
2000 1395 0.350291859
2000 1451 0.407131424
2000 1452 0.03262456
2003 1159 0.493016031
2003 1160 0.506983969
2004 1159 0.527446356
2004 1160 0.472553644
2006 1159 0.137663075
2006 1160 0.154342215
2006 1216 0.238229253
2006 1217 0.469765458
2007 1217 1
2008 1216 0.654446365
2008 1217 0.328897406
2008 1273 0.016656229
2010 1339 0.002507218
2010 1340 0.000840378
2010 1396 0.31014761
2010 1397 0.2369257
2010 1452 0.000289162
2010 1453 0.305093932
2010 1454 0.144196
2011 1454 0.123135419
2011 1510 0.432260943
2011 1511 0.444603639
2012 1453 0.291792988
2012 1454 0.521239107
2012 1455 0.015374327
2012 1510 0.152755325
2012 1511 0.018838254
2014 665 0.122551235
2014 666 0.33748855
2014 722 0.257246018
2014 723 0.282714198
2015 847 0.001951374
2015 904 0.234688123
2015 905 0.097895813
2015 961 0.202955776
2015 962 0.462508914
2018 443 1
2020 386 0.778259283
2020 387 0.12827571
2020 443 0.093316618
2020 444 0.000148389
2024 655 0.464544777
2024 712 0.535455223
2025 654 0.069458361
2025 655 0.083857847
2025 711 0.19313018
2025 712 0.653553612
2026 768 1
2027 711 0.721589754
2027 712 0.076070105
2027 768 0.202340141
2028 1112 0.733358459
2028 1113 0.096012597
2028 1168 0.068197441
2028 1169 0.102431503
2030 890 0.976215437
2030 891 0.023784563
2031 832 0.032689757
2031 833 0.331385657
2031 889 0.000393257
2031 890 0.635531329
2032 789 0.522515169
2032 846 0.477484831
2033 331 0.056118489
2033 332 0.866369583
2033 333 0.001796944
2033 388 0.004538147
2033 389 0.071176837
2034 1316 1
2037 160 0.022085979
2037 216 0.157880525
2037 217 0.820033495
2049 1257 0.449005921
2049 1314 0.550994079
2050 1257 0.497773573
2050 1314 0.502226427
2051 1257 0.257091145
2051 1258 0.257925211
2051 1314 0.263740774
2051 1315 0.22124287
2052 1258 0.232238825
2052 1315 0.609746687
2052 1316 0.158014489
2053 1112 0.115328743
2053 1113 0.0007407
2053 1168 0.180579539
2053 1169 0.667691684
2053 1225 0.01641726
2053 1226 0.019242075
2057 329 0.39568239
2057 330 0.002921571
2057 386 0.597404039
2057 387 0.003992
2058 958 0.099854244
2058 1015 0.900145756
2059 1073 1
2060 1015 0.180524979
2060 1016 0.432444743
2060 1073 0.387030278
2064 599 0.070369108
2064 655 0.02500845
2064 656 0.904622442
2065 655 0.053079002
2065 656 0.946920998
2075 375 7.18e-06
2075 376 0.06245729
2075 432 0.29410978
2075 433 0.570279627
2075 489 0.023406911
2075 490 0.04973921
2079 1185 0.401167629
2079 1186 0.056077194
2079 1242 0.329784084
2079 1243 0.212971093
2081 782 1
2083 322 0.211158858
2083 378 0.379989353
2083 379 0.408851788
2084 322 0.091270131
2084 323 0.040165142
2084 378 0.013461861
2084 379 0.573993277
2084 380 0.281109589
2086 273 0.155073537
2086 274 0.844926463
2087 216 0.138436622
2087 217 0.636513949
2087 273 0.026362737
2087 274 0.198686693
2088 1405 0.565455643
2088 1406 0.099957989
2088 1462 0.334586368
2089 1379 0.444097354
2089 1380 0.554298226
2089 1437 0.00160442
2091 1329 0.999408612
2091 1330 0.000591388
2092 1272 0.127879028
2092 1329 0.872120972
2093 726 0.19468243
2093 783 0.80531757
2099 1266 2.42e-07
2099 1267 0.872925037
2099 1323 0.003055439
2099 1324 0.124019282
2100 1267 0.14249549
2100 1324 0.85750451
2101 715 1
2103 716 0.006062137
2103 772 0.024903709
2103 773 0.969034154
2104 715 0.398785402
2104 716 0.26466525
2104 772 0.186704202
2104 773 0.149845146
2105 328 0.424414667
2105 385 0.572389869
2105 386 0.003195463
2107 1494 0.522369402
2107 1495 0.477630598
2108 1438 0.077113176
2108 1439 0.110451012
2108 1494 0.005072239
2108 1495 0.61239008
2108 1496 0.194973493
2119 544 1
2123 601 1
2125 543 0.976931085
2125 600 0.023068915
2126 600 1
2127 543 0.334000616
2127 544 0.302518487
2127 600 0.217880792
2127 601 0.145600106
2128 544 1
2130 1071 0.050406144
2130 1072 0.066968945
2130 1128 0.007939171
2130 1129 0.679630777
2130 1130 0.194702652
2130 1186 0.000352311
2134 601 1
2137 600 1
2140 601 0.055804133
2140 657 0.067419189
2140 658 0.876776678
2141 600 0.244651237
2141 601 0.755202339
2141 657 0.000146424
2142 600 0.00589457
2142 601 0.957346932
2142 657 0.003247833
2142 658 0.033510665
2143 1271 1
2144 1271 1
2145 1270 0.36512717
2145 1271 0.63487283
2146 1327 0.232504019
2146 1328 0.767495981
2147 1270 0.628048166
2147 1271 0.127308575
2147 1327 0.144605515
2147 1328 0.100037745
2150 908 0.343295167
2150 965 0.622812088
2150 966 0.033892745
2151 940 0.633822153
2151 941 0.153352258
2151 997 0.21282559
2152 1215 1
2153 1215 0.60244135
2153 1272 0.39755865
2160 907 0.122619868
2160 964 0.871713416
2160 965 0.002493735
2160 1021 0.003172981
2163 450 0.445784063
2163 451 0.000427139
2163 507 0.553788798
2164 435 1
2166 435 0.458043585
2166 436 0.405318892
2166 492 0.011937766
2166 493 0.124699756
2170 846 0.121805525
2170 903 0.759516095
2170 960 0.11867838
2171 603 0.474512895
2171 604 0.525487105
2173 603 0.001046306
2173 604 0.824354484
2173 605 0.174599209
2177 1271 1
2178 1271 1
2179 1272 0.136829277
2179 1329 0.863170723
2180 1271 0.2244
2180 1272 0.760989721
2180 1329 0.014610279
2183 1232 0.609311485
2183 1233 0.067164176
2183 1289 0.046642648
2183 1290 0.276881691
2184 1232 0.002066028
2184 1233 0.227041016
2184 1290 0.699389438
2184 1291 0.071503518
2185 1232 0.143109696
2185 1233 0.738647637
2185 1290 0.118242668
2186 597 1
2187 597 1
2188 596 0.032413058
2188 597 0.967586942
2189 596 0.833632724
2189 597 0.041865804
2189 653 0.116360477
2189 654 0.008140996
2190 596 0.446362956
2190 652 0.103910402
2190 653 0.449726642
2196 321 1
2197 321 0.104991253
2197 322 0.030165488
2197 378 0.713202174
2197 379 0.151641085
2198 378 0.478180911
2198 379 0.521819089
2201 1430 0.383486538
2201 1431 0.616513462
2203 1372 0.019273842
2203 1373 0.230937051
2203 1374 0.097388382
2203 1429 0.155468003
2203 1430 0.420722238
2203 1431 0.076210485
2204 1374 6.26e-05
2204 1430 0.098958529
2204 1431 0.900978917
2205 1509 1
2206 1452 0.16976528
2206 1509 0.83023472
2207 1509 0.909488025
2207 1510 0.081966226
2207 1566 0.008545748
2208 1452 0.004640832
2208 1509 0.995358292
2208 1510 8.76e-07
2209 1163 0.006805312
2209 1219 0.032841437
2209 1220 0.960353251
2210 1162 0.047032669
2210 1163 0.000296533
2210 1219 0.698727886
2210 1220 0.253942911
2211 1216 0.950800586
2211 1273 0.049199414
2212 1215 0.392020191
2212 1216 0.196894691
2212 1272 0.094947879
2212 1273 0.31613724
2215 1159 0.011438406
2215 1160 0.988561594
2216 1160 1
2217 1160 1
2218 1160 0.976530978
2218 1161 0.023469022
2219 1160 0.09360108
2219 1161 0.90639892
2221 1271 1
2222 1271 1
2223 1328 0.011373451
2223 1329 0.988626549
2224 1271 0.656582385
2224 1272 0.046858523
2224 1328 0.179119773
2224 1329 0.117439319
2225 1065 0.065142998
2225 1066 0.124903489
2225 1122 0.471835715
2225 1123 0.288039761
2225 1179 0.033144212
2225 1180 0.016933826
2227 1344 0.24095388
2227 1401 0.75904612
2228 792 0.982175498
2228 849 0.017824502
2230 792 0.817294171
2230 793 0.1734343
2230 849 0.009271529
2231 556 0.145669613
2231 613 0.854330387
2235 320 1
2236 320 1
2237 320 1
2238 320 0.755933224
2238 377 0.244066776
2239 320 0.875990623
2239 377 0.124009377
2240 320 0.426075789
2240 377 0.573924211
2241 1344 1
2242 1344 0.056104628
2242 1401 0.943895372
2245 1271 1
2246 1271 1
2247 1271 0.017186272
2247 1272 0.982813728
2249 1512 1
2250 1510 0.35064555
2250 1511 0.62596433
2250 1567 0.004603117
2250 1568 0.018787003
2251 1511 0.698175373
2251 1512 0.268038587
2251 1568 0.033786041
2252 1258 0.956965159
2252 1259 0.020343687
2252 1315 0.022691154
2253 1258 0.118793327
2253 1259 0.18533557
2253 1315 0.063121541
2253 1316 0.632749561
2254 1340 0.004502461
2254 1341 0.281652483
2254 1397 0.292997885
2254 1398 0.42084717
2255 1164 1
2257 1257 1
2258 1257 1
2259 1257 1
2260 1257 1
2261 1257 1
2262 591 0.008406732
2262 592 0.010602961
2262 593 0.008473583
2262 594 9.22e-05
2262 648 0.051404481
2262 649 0.119980767
2262 650 0.125783951
2262 651 0.096292313
2262 705 4.73e-06
2262 706 0.070255092
2262 707 0.128116903
2262 708 0.124209403
2262 709 0.025779008
2262 764 0.083545664
2262 765 0.093755421
2262 766 0.00790496
2262 821 0.034789596
2262 822 0.010602205
2263 1265 0.322178397
2263 1266 0.290238271
2263 1322 0.289289766
2263 1323 0.098293565
2265 1053 0.009486578
2265 1054 0.0871378
2265 1055 0.027489959
2265 1109 0.003130208
2265 1110 0.07132018
2265 1111 0.105161952
2265 1112 0.012891056
2265 1165 3.49e-05
2265 1166 0.082093425
2265 1167 0.133184406
2265 1168 0.113423973
2265 1222 0.044551365
2265 1223 0.091467868
2265 1224 0.073716005
2265 1225 0.105228628
2265 1279 0.009454952
2265 1280 0.002187341
2265 1281 0.012367937
2265 1282 0.015671474
2266 844 0.370132172
2266 845 0.048957031
2266 900 0.000876368
2266 901 0.485084541
2266 902 0.094949888
2267 950 0.014895212
2267 951 0.242879793
2267 952 0.353397178
2267 1007 0.068477731
2267 1008 0.215203447
2267 1009 0.105146638
2272 843 0.33371484
2272 899 0.035869899
2272 900 0.560462965
2272 901 0.001308301
2272 956 0.036139094
2272 957 0.030352146
2272 958 0.002152755
2273 842 0.042866399
2273 843 0.020433987
2273 898 0.000207391
2273 899 0.194466168
2273 900 0.148744607
2273 901 0.090615925
2273 955 0.001022032
2273 956 0.175483908
2273 957 0.265158228
2273 958 0.054807764
2273 1014 0.006193591
2274 1006 0.015022199
2274 1007 0.730548224
2274 1008 0.080793112
2274 1064 0.080622738
2274 1065 0.093013727
2275 1068 0.342967565
2275 1069 0.154340956
2275 1124 0.189437939
2275 1125 0.31325354
2276 1068 0.006391292
2276 1069 0.36031006
2276 1070 0.026533677
2276 1125 0.339169765
2276 1126 0.267595207
2277 1064 0.024605551
2277 1065 0.078503449
2277 1120 0.068716692
2277 1121 0.213891024
2277 1122 0.107852523
2277 1177 0.05070535
2277 1178 0.251241805
2277 1179 0.179329058
2277 1234 0.000315853
2277 1235 0.01552864
2277 1236 0.009310054
2280 1005 0.999990406
2280 1062 9.59e-06
2296 1117 0.095621805
2296 1174 0.686036061
2296 1175 0.218342135
2299 1176 0.066731056
2299 1177 0.16755249
2299 1233 0.388429073
2299 1234 0.377287381
2300 1005 0.042404087
2300 1006 0.050761878
2300 1007 0.013317742
2300 1061 0.002226896
2300 1062 0.099741172
2300 1063 0.116058714
2300 1064 0.095702799
2300 1117 0.002611331
2300 1118 0.065411994
2300 1119 0.115079179
2300 1120 0.086125585
2300 1121 0.020944701
2300 1174 0.002562607
2300 1175 0.087942014
2300 1176 0.110171136
2300 1177 0.078075446
2300 1232 0.002143757
2300 1233 0.00871504
2300 1234 3.92e-06
2304 1174 0.934050422
2304 1175 0.065949578
2318 1232 0.003593744
2318 1233 0.692437117
2318 1234 0.247967809
2318 1290 0.020052698
2318 1291 0.035948632
2319 1174 0.090664261
2319 1175 0.09200731
2319 1231 0.134285041
2319 1232 0.48664806
2319 1233 0.064323804
2319 1288 0.007471073
2319 1289 0.124600451
2322 880 0.071276834
2322 881 0.28683346
2322 882 0.033458522
2322 937 0.286135962
2322 938 0.218563075
2322 939 0.045428892
2322 994 0.058303254
2323 782 0.041007663
2323 783 0.174232148
2323 784 0.068130327
2323 839 0.076579824
2323 840 0.358040039
2323 841 0.113786378
2323 896 0.017581299
2323 897 0.139166641
2323 898 0.011475682
2324 1344 1
2325 1343 0.052949216
2325 1344 0.942809548
2325 1345 0.004241236
2351 1776 1
2417 1602 0.00817832
2417 1659 0.371391519
2417 1660 0.60816364
2417 1717 0.012266522
2503 1430 0.455864891
2503 1487 0.544135109
2539 1429 1
2552 1371 0.893778987
2552 1428 0.106221013
2553 1371 1
2556 1371 1
2567 1255 1
2568 1255 1
2569 1311 1
2570 1311 0.902959612
2570 1312 0.097040388
2571 1311 1
2572 1311 1
2573 1312 1
2574 1311 0.336693062
2574 1312 0.663306938
2575 1255 0.734798596
2575 1312 0.265201404
2576 1255 1
2577 1255 1
2578 1311 1
2579 1311 1
2580 1311 1
2581 1311 1
2582 1369 1
2583 1369 1
2584 1312 0.005528554
2584 1369 0.994471446
2585 1311 1
2587 1311 1
2588 1312 1
2589 1312 1
2590 1312 1
2591 1255 1
2602 1312 0.01368568
2602 1313 0.696531123
2602 1314 0.260865457
2602 1371 0.02891774
2611 1370 0.058450972
2611 1427 0.882612281
2611 1428 0.058936747
2616 1776 1
2618 1426 0.059502321
2618 1427 0.940497679
2626 1369 1
2627 1369 1
2629 1369 0.993286884
2629 1426 0.006713116
2630 1369 1
2703 278 0.892695035
2703 335 0.107304965
2704 335 1
2705 335 1
2707 278 0.050863767
2707 335 0.949136233
2708 278 1
2711 278 1
2712 278 1
2716 334 0.023718438
2716 335 0.976281562
2754 391 1
2799 447 1
2816 447 0.746401042
2816 448 0.253598958
2819 503 1
2821 503 0.986678095
2821 504 0.013321905
2822 504 1
2823 502 0.333969304
2823 503 0.666030696
2856 502 0.12101706
2856 503 0.87898294
3019 608 0.966228993
3019 609 0.033771007
3023 551 0.1560105
3023 552 0.086293851
3023 608 0.342017698
3023 609 0.415677951
3028 551 0.11097719
3028 552 0.88902281
3044 608 1
3045 608 1
3046 608 1
3047 608 1
3079 608 1
3086 607 1
3093 607 0.293282157
3093 663 0.21278717
3093 664 0.493930673
3100 663 0.96057685
3100 664 0.03942315
3204 773 0.415196899
3204 774 0.584803101
3205 773 1
3347 882 0.777947904
3347 939 0.222052096
3359 280 1
3433 504 1
3435 504 1
3436 504 1
3439 504 1
3490 887 0.85184624
3490 944 0.14815376
3498 830 1
3548 1070 0.00619772
3548 1127 0.99380228
3557 1164 0.220359294
3557 1165 0.779640706
3562 1164 1
3784 502 0.773596242
3784 503 0.226403758
3786 1328 1
3805 558 1
3806 558 1
3879 561 1
3894 839 0.053201455
3894 895 0.682734324
3894 896 0.264064221
3998 1291 0.314711343
3998 1292 0.162649079
3998 1348 0.409207461
3998 1349 0.113432116
4133 445 0.307645191
4133 502 0.692354809
4175 1494 1
4416 608 1
4418 608 1
4420 608 1
4421 551 0.36194241
4421 608 0.63805759
4439 551 1
4447 1434 0.994820274
4447 1491 0.005179726
4533 557 0.752474884
4533 558 0.007291225
4533 614 0.226375055
4533 615 0.013858836
4635 499 0.242128357
4635 556 0.757871643
4636 499 0.74633826
4636 500 0.25366174
4639 499 0.875539924
4639 556 0.124460076
4724 499 0.983818528
4724 556 0.016181472
4731 1344 0.602424059
4731 1345 0.397575941
4767 654 0.897540634
4767 655 0.102459366
4855 1493 0.75638225
4855 1550 0.24361775
4860 1493 0.699346184
4860 1550 0.300653816
4884 656 1
4948 1340 0.977175141
4948 1397 0.022824859
5029 1343 0.033396365
5029 1344 0.966603635
5043 1440 0.152290201
5043 1496 0.601116523
5043 1497 0.246593277
5062 1316 0.995449247
5062 1317 0.004550753
5066 1317 0.70889294
5066 1374 0.29110706
5237 1075 1
5240 1018 1
5533 493 0.59097809
5533 494 0.40902191
5683 1112 0.645637124
5683 1113 0.354362876
5687 332 1
5690 1316 1
5717 656 1
5809 1344 1
5810 792 1
6104 1343 0.027736942
6104 1344 0.910142431
6104 1345 0.062120627
    :EndGridWeights 
